file,gt,lgt,rgt,cls,pd,lpd,rpd,bg,E,ECa,ECb,ECE,ECP,DISP,SR,T,rank,pcls,match,pcls_prob,IoU,scaling,closest_redox
20230310_15000/EC_78_E_9486_134035488_data,1,196.0,372.0,ECb,0,0.0,0.0,0.0,0.0,0.0,0.0,0.0,0.0,0.0,0.0,0.0,0,FN,False,,0.0,0.83,inf
20230310_50000/ECP_6192_E_2473_DISP_5166_181924312_data,1,777.0,935.0,DISP,0,0.0,0.0,0.0,0.0,0.0,0.0,0.0,0.0,0.0,0.0,0.0,2,FN,False,,0.0,0.59,692.0
20230310_80000/EC_3382_SR_4247_224359299_data,1,167.0,344.0,ECa,0,0.0,0.0,0.0,0.0,0.0,0.0,0.0,0.0,0.0,0.0,0.0,0,FN,False,,0.0,0.35,inf
20230310_50000/T_4951_DISP_10052_EC_370_1819109_data,1,721.0,882.0,ECa,0,0.0,0.0,0.0,0.0,0.0,0.0,0.0,0.0,0.0,0.0,0.0,2,FN,False,,0.0,0.28,457.0
20230310_70000/EC_119_E_3374_210812172_data,1,176.0,347.0,ECb,0,0.0,0.0,0.0,0.0,0.0,0.0,0.0,0.0,0.0,0.0,0.0,0,FN,False,,0.0,0.63,inf
20230310_60000/DISP_6898_CE_3712_CE_5572_ECE_5840_19311937_data,1,29.0,130.0,DISP,0,0.0,0.0,0.0,0.0,0.0,0.0,0.0,0.0,0.0,0.0,0.0,0,FN,False,,0.0,0.53,277.0
20230310_60000/DISP_6898_CE_3712_CE_5572_ECE_5840_19311937_data,1,433.0,643.0,ECa,0,0.0,0.0,0.0,0.0,0.0,0.0,0.0,0.0,0.0,0.0,0.0,2,FN,False,,0.0,0.33,236.0
20230310_50000/T_2231_E_8236_ECE_10697_DISP_13000_18230429_data,1,120.0,304.0,E,0,0.0,0.0,0.0,0.0,0.0,0.0,0.0,0.0,0.0,0.0,0.0,1,FN,False,,0.0,0.44,152.0
20230310_60000/EC_1085_DISP_2857_EC_860_193534623_data,1,925.0,983.0,ECa,0,0.0,0.0,0.0,0.0,0.0,0.0,0.0,0.0,0.0,0.0,0.0,2,FN,False,,0.0,0.62,890.0
20230310_75000/E_4089_ECE_2421_ECP_8705_213908103_data,1,792.0,982.0,ECP,0,0.0,0.0,0.0,0.0,0.0,0.0,0.0,0.0,0.0,0.0,0.0,2,FN,False,,0.0,0.22,314.0
20230310_25000/T_6622_EC_3051_EC_754_EC_180_150132430_data,1,578.0,678.0,ECb,0,0.0,0.0,0.0,0.0,0.0,0.0,0.0,0.0,0.0,0.0,0.0,2,FN,False,,0.0,0.65,393.0
20230310_65000/DISP_4195_EC_2402_E_5764_EC_2211_205039804_data,1,858.0,995.0,ECb,0,0.0,0.0,0.0,0.0,0.0,0.0,0.0,0.0,0.0,0.0,0.0,3,FN,False,,0.0,0.32,928.0
20230310_10000/ECP_10083_DISP_1711_T_50312_124353872_data,1,393.0,1000.0,T,0,0.0,0.0,0.0,0.0,0.0,0.0,0.0,0.0,0.0,0.0,0.0,2,FN,False,,0.0,0.25,158.0
20230310_65000/EC_1752_ECE_4974_E_109_SR_3561_203623140_data,1,113.0,280.0,ECb,0,0.0,0.0,0.0,0.0,0.0,0.0,0.0,0.0,0.0,0.0,0.0,0,FN,False,,0.0,0.37,290.0
20230310_35000/T_8202_EC_3382_DISP_12917_ECE_9738_163212926_data,1,111.0,217.0,ECb,0,0.0,0.0,0.0,0.0,0.0,0.0,0.0,0.0,0.0,0.0,0.0,1,FN,False,,0.0,0.95,385.0
20230310_35000/T_8202_EC_3382_DISP_12917_ECE_9738_163212926_data,1,297.0,402.0,DISP,0,0.0,0.0,0.0,0.0,0.0,0.0,0.0,0.0,0.0,0.0,0.0,2,FN,False,,0.0,0.63,385.0
20230310_75000/EC_1233_E_6726_E_1851_ECP_3628_221026537_data,1,93.0,283.0,ECb,0,0.0,0.0,0.0,0.0,0.0,0.0,0.0,0.0,0.0,0.0,0.0,0,FN,False,,0.0,0.48,525.0
20230310_25000/DISP_139_DISP_2535_15030078_data,1,34.0,155.0,DISP,0,0.0,0.0,0.0,0.0,0.0,0.0,0.0,0.0,0.0,0.0,0.0,0,FN,False,,0.0,0.24,inf
20230310_60000/T_1530_EC_304_DISP_11109_195312605_data,1,243.0,581.0,ECb,0,0.0,0.0,0.0,0.0,0.0,0.0,0.0,0.0,0.0,0.0,0.0,1,FN,False,,0.0,0.78,179.0
20230310_60000/T_1530_EC_304_DISP_11109_195312605_data,1,675.0,897.0,DISP,0,0.0,0.0,0.0,0.0,0.0,0.0,0.0,0.0,0.0,0.0,0.0,2,FN,False,,0.0,0.5,158.0
20230310_75000/CE_1521_SR_1120_CE_649_ECE_10033_213659129_data,1,615.0,755.0,ECa,0,0.0,0.0,0.0,0.0,0.0,0.0,0.0,0.0,0.0,0.0,0.0,2,FN,False,,0.0,0.24,806.0
20230310_5000/T_7599_ECE_9902_EC_2895_120250331_data,1,933.0,992.0,ECa,0,0.0,0.0,0.0,0.0,0.0,0.0,0.0,0.0,0.0,0.0,0.0,2,FN,False,,0.0,0.44,200.0
20230310_55000/DISP_8373_EC_1144_ECE_373_EC_2779_184957660_data,1,810.0,948.0,ECb,0,0.0,0.0,0.0,0.0,0.0,0.0,0.0,0.0,0.0,0.0,0.0,3,FN,False,,0.0,0.32,224.0
20230310_50000/EC_3322_DISP_5568_EC_2190_EC_2115_182131636_data,1,583.0,631.0,ECa,0,0.0,0.0,0.0,0.0,0.0,0.0,0.0,0.0,0.0,0.0,0.0,2,FN,False,,0.0,0.98,921.0
20230310_60000/E_12049_DISP_12880_ECE_10098_EC_433_194601473_data,1,104.0,268.0,E,0,0.0,0.0,0.0,0.0,0.0,0.0,0.0,0.0,0.0,0.0,0.0,0,FN,False,,0.0,0.23,192.0
20230310_60000/E_12049_DISP_12880_ECE_10098_EC_433_194601473_data,1,301.0,368.0,DISP,0,0.0,0.0,0.0,0.0,0.0,0.0,0.0,0.0,0.0,0.0,0.0,1,FN,False,,0.0,0.91,192.0
20230310_55000/ECP_51480_ECE_777_EC_2125_191818920_data,1,641.0,779.0,ECb,0,0.0,0.0,0.0,0.0,0.0,0.0,0.0,0.0,0.0,0.0,0.0,2,FN,False,,0.0,1.0,425.0
20230310_80000/ECE_9085_SR_4249_SR_4132_EC_298_222539851_data,1,706.0,860.0,ECb,0,0.0,0.0,0.0,0.0,0.0,0.0,0.0,0.0,0.0,0.0,0.0,3,FN,False,,0.0,0.39,381.0
20230310_5000/E_12085_CE_5352_DISP_10177_SR_4815_123707677_data,1,577.0,772.0,DISP,0,0.0,0.0,0.0,0.0,0.0,0.0,0.0,0.0,0.0,0.0,0.0,2,FN,False,,0.0,0.9,747.0
20230310_55000/T_6606_EC_873_ECE_12774_DISP_8095_18582143_data,1,491.0,763.0,ECE,0,0.0,0.0,0.0,0.0,0.0,0.0,0.0,0.0,0.0,0.0,0.0,2,FN,False,,0.0,0.68,576.0
20230310_20000/ECE_2956_ECP_10511_143057884_data,1,623.0,837.0,ECP,0,0.0,0.0,0.0,0.0,0.0,0.0,0.0,0.0,0.0,0.0,0.0,1,FN,False,,0.0,0.85,459.0
20230310_20000/SR_810_CE_476_E_9748_CE_184_135936595_data,1,490.0,702.0,E,0,0.0,0.0,0.0,0.0,0.0,0.0,0.0,0.0,0.0,0.0,0.0,2,FN,False,,0.0,0.25,0.0
20230310_15000/DISP_7804_DISP_3093_E_3005_132013439_data,1,484.0,599.0,DISP,0,0.0,0.0,0.0,0.0,0.0,0.0,0.0,0.0,0.0,0.0,0.0,1,FN,False,,0.0,0.91,513.0
20230310_10000/ECE_1113_E_6309_E_3292_T_50220_130005892_data,1,958.0,1000.0,T,0,0.0,0.0,0.0,0.0,0.0,0.0,0.0,0.0,0.0,0.0,0.0,3,FN,False,,0.0,0.47,270.0
20230310_40000/EC_2998_DISP_8548_CE_5327_E_9161_171513532_data,1,25.0,189.0,ECb,0,0.0,0.0,0.0,0.0,0.0,0.0,0.0,0.0,0.0,0.0,0.0,0,FN,False,,0.0,0.45,341.0
20230310_40000/EC_2998_DISP_8548_CE_5327_E_9161_171513532_data,1,239.0,323.0,DISP,0,0.0,0.0,0.0,0.0,0.0,0.0,0.0,0.0,0.0,0.0,0.0,1,FN,False,,0.0,0.9,341.0
20230310_20000/E_4285_DISP_6677_ECE_1497_T_51046_140558810_data,1,325.0,503.0,DISP,0,0.0,0.0,0.0,0.0,0.0,0.0,0.0,0.0,0.0,0.0,0.0,1,FN,False,,0.0,0.22,132.0
20230310_40000/E_8048_ECP_1249_170311324_data,1,602.0,922.0,ECP,0,0.0,0.0,0.0,0.0,0.0,0.0,0.0,0.0,0.0,0.0,0.0,1,FN,False,,0.0,0.4,23.0
20230310_15000/EC_2660_ECE_3351_EC_1767_134046335_data,1,92.0,317.0,ECa,0,0.0,0.0,0.0,0.0,0.0,0.0,0.0,0.0,0.0,0.0,0.0,0,FN,False,,0.0,0.29,779.0
20230310_25000/E_12594_CE_333_ECE_12482_145705164_data,1,9.0,198.0,E,0,0.0,0.0,0.0,0.0,0.0,0.0,0.0,0.0,0.0,0.0,0.0,0,FN,False,,0.0,0.24,788.0
20230310_45000/ECE_10538_E_9867_CE_13_173758572_data,1,2.0,319.0,ECE,0,0.0,0.0,0.0,0.0,0.0,0.0,0.0,0.0,0.0,0.0,0.0,0,FN,False,,0.0,0.2,894.0
20230310_45000/SR_888_SR_1248_DISP_3565_E_2678_175303653_data,1,545.0,638.0,DISP,0,0.0,0.0,0.0,0.0,0.0,0.0,0.0,0.0,0.0,0.0,0.0,2,FN,False,,0.0,0.31,703.0
20230310_60000/EC_2428_SR_778_DISP_9085_EC_366_192819660_data,1,744.0,865.0,ECa,0,0.0,0.0,0.0,0.0,0.0,0.0,0.0,0.0,0.0,0.0,0.0,3,FN,False,,0.0,0.78,754.0
20230310_15000/EC_1180_EC_2151_SR_251_E_7194_134912913_data,1,41.0,127.0,ECb,0,0.0,0.0,0.0,0.0,0.0,0.0,0.0,0.0,0.0,0.0,0.0,0,FN,False,,0.0,0.4,178.0
20230310_55000/DISP_12446_DISP_12228_ECE_12726_CE_1337_185206626_data,1,323.0,401.0,DISP,0,0.0,0.0,0.0,0.0,0.0,0.0,0.0,0.0,0.0,0.0,0.0,1,FN,False,,0.0,0.36,236.0
20230310_5000/T_8467_EC_3364_ECE_10115_ECP_51196_120120161_data,1,781.0,966.0,ECP,0,0.0,0.0,0.0,0.0,0.0,0.0,0.0,0.0,0.0,0.0,0.0,3,FN,False,,0.0,0.81,624.0
20230310_45000/SR_805_E_7102_DISP_794_T_50544_17235459_data,1,634.0,786.0,DISP,0,0.0,0.0,0.0,0.0,0.0,0.0,0.0,0.0,0.0,0.0,0.0,2,FN,False,,0.0,0.77,126.0
20230310_60000/DISP_2116_DISP_5953_194119723_data,1,18.0,93.0,DISP,0,0.0,0.0,0.0,0.0,0.0,0.0,0.0,0.0,0.0,0.0,0.0,0,FN,False,,0.0,0.75,inf
20230310_5000/ECP_10154_DISP_11660_DISP_8329_EC_622_122137407_data,1,329.0,429.0,DISP,0,0.0,0.0,0.0,0.0,0.0,0.0,0.0,0.0,0.0,0.0,0.0,1,FN,False,,0.0,0.89,246.0
20230310_5000/ECP_10154_DISP_11660_DISP_8329_EC_622_122137407_data,1,470.0,568.0,DISP,0,0.0,0.0,0.0,0.0,0.0,0.0,0.0,0.0,0.0,0.0,0.0,2,FN,False,,0.0,0.56,246.0
20230310_45000/T_7279_EC_88_174951280_data,1,311.0,835.0,ECb,0,0.0,0.0,0.0,0.0,0.0,0.0,0.0,0.0,0.0,0.0,0.0,1,FN,False,,0.0,0.8,421.0
20230310_65000/EC_2756_203047918_data,1,181.0,847.0,ECa,0,0.0,0.0,0.0,0.0,0.0,0.0,0.0,0.0,0.0,0.0,0.0,0,FN,False,,0.0,0.53,inf
20230310_10000/DISP_4286_DISP_7029_EC_360_EC_3298_130242147_data,1,18.0,127.0,DISP,0,0.0,0.0,0.0,0.0,0.0,0.0,0.0,0.0,0.0,0.0,0.0,0,FN,False,,0.0,0.24,244.0
20230310_10000/DISP_4286_DISP_7029_EC_360_EC_3298_130242147_data,1,459.0,556.0,ECa,0,0.0,0.0,0.0,0.0,0.0,0.0,0.0,0.0,0.0,0.0,0.0,2,FN,False,,0.0,0.33,623.0
20230310_45000/EC_3303_T_50751_175853412_data,1,14.0,119.0,ECb,0,0.0,0.0,0.0,0.0,0.0,0.0,0.0,0.0,0.0,0.0,0.0,0,FN,False,,0.0,0.25,inf
20230310_35000/CE_1170_EC_3126_ECE_11966_ECP_12827_155707522_data,1,208.0,358.0,ECa,0,0.0,0.0,0.0,0.0,0.0,0.0,0.0,0.0,0.0,0.0,0.0,1,FN,False,,0.0,0.8,113.0
20230310_35000/SR_2242_SR_102_T_50744_161422197_data,1,942.0,1000.0,T,0,0.0,0.0,0.0,0.0,0.0,0.0,0.0,0.0,0.0,0.0,0.0,2,FN,False,,0.0,0.79,740.0
20230310_45000/EC_2478_DISP_8158_ECP_12461_175925123_data,1,231.0,334.0,ECa,0,0.0,0.0,0.0,0.0,0.0,0.0,0.0,0.0,0.0,0.0,0.0,0,FN,False,,0.0,0.21,184.0
20230310_45000/EC_2478_DISP_8158_ECP_12461_175925123_data,1,632.0,813.0,ECP,0,0.0,0.0,0.0,0.0,0.0,0.0,0.0,0.0,0.0,0.0,0.0,2,FN,False,,0.0,0.84,412.0
20230310_35000/SR_3359_ECE_8096_E_7902_DISP_10272_160224366_data,1,924.0,981.0,DISP,0,0.0,0.0,0.0,0.0,0.0,0.0,0.0,0.0,0.0,0.0,0.0,3,FN,False,,0.0,0.7,184.0
20230310_65000/T_50265_ECE_1301_EC_2240_EC_1653_202333467_data,1,753.0,991.0,ECa,0,0.0,0.0,0.0,0.0,0.0,0.0,0.0,0.0,0.0,0.0,0.0,3,FN,False,,0.0,0.67,140.0
20230310_45000/EC_573_ECE_10414_SR_4365_17505085_data,1,168.0,287.0,ECa,0,0.0,0.0,0.0,0.0,0.0,0.0,0.0,0.0,0.0,0.0,0.0,0,FN,False,,0.0,0.79,542.0
20230310_10000/ECE_4412_DISP_1223_ECE_5802_SR_1574_131519636_data,1,287.0,371.0,DISP,0,0.0,0.0,0.0,0.0,0.0,0.0,0.0,0.0,0.0,0.0,0.0,1,FN,False,,0.0,0.48,193.0
20230310_40000/EC_322_EC_588_SR_3702_EC_3407_171219977_data,1,455.0,543.0,ECa,0,0.0,0.0,0.0,0.0,0.0,0.0,0.0,0.0,0.0,0.0,0.0,1,FN,False,,0.0,0.58,391.0
20230310_70000/E_3961_E_5873_EC_2851_E_7761_211349872_data,1,617.0,698.0,ECb,0,0.0,0.0,0.0,0.0,0.0,0.0,0.0,0.0,0.0,0.0,0.0,2,FN,False,,0.0,0.46,557.0
20230310_55000/EC_2100_E_3348_T_50930_191944598_data,1,903.0,1000.0,T,0,0.0,0.0,0.0,0.0,0.0,0.0,0.0,0.0,0.0,0.0,0.0,2,FN,False,,0.0,0.68,815.0
20230310_55000/T_8585_DISP_12427_EC_226_192004555_data,1,264.0,614.0,DISP,0,0.0,0.0,0.0,0.0,0.0,0.0,0.0,0.0,0.0,0.0,0.0,1,FN,False,,0.0,0.89,107.0
20230310_20000/SR_2122_EC_804_SR_589_T_50870_142455834_data,1,468.0,548.0,ECa,0,0.0,0.0,0.0,0.0,0.0,0.0,0.0,0.0,0.0,0.0,0.0,1,FN,False,,0.0,0.28,825.0
20230310_40000/ECE_11112_ECE_10905_T_50823_171942251_data,1,970.0,1000.0,T,0,0.0,0.0,0.0,0.0,0.0,0.0,0.0,0.0,0.0,0.0,0.0,2,FN,False,,0.0,0.81,962.0
20230310_5000/ECP_3730_SR_4971_EC_297_DISP_8025_121413546_data,1,674.0,856.0,DISP,0,0.0,0.0,0.0,0.0,0.0,0.0,0.0,0.0,0.0,0.0,0.0,3,FN,False,,0.0,0.82,714.0
20230310_65000/DISP_6520_DISP_10346_ECP_10165_203748262_data,1,482.0,597.0,DISP,0,0.0,0.0,0.0,0.0,0.0,0.0,0.0,0.0,0.0,0.0,0.0,1,FN,False,,0.0,0.85,912.0
20230310_75000/ECE_3079_DISP_4799_SR_2626_220935649_data,1,436.0,579.0,DISP,0,0.0,0.0,0.0,0.0,0.0,0.0,0.0,0.0,0.0,0.0,0.0,1,FN,False,,0.0,0.76,138.0
20230310_20000/T_9787_EC_88_SR_4132_ECE_8404_141549309_data,1,212.0,407.0,ECa,0,0.0,0.0,0.0,0.0,0.0,0.0,0.0,0.0,0.0,0.0,0.0,1,FN,False,,0.0,0.83,416.0
20230310_35000/DISP_5406_CE_4509_CE_2479_DISP_11192_163350955_data,1,61.0,155.0,DISP,0,0.0,0.0,0.0,0.0,0.0,0.0,0.0,0.0,0.0,0.0,0.0,0,FN,False,,0.0,0.4,351.0
20230310_35000/DISP_5406_CE_4509_CE_2479_DISP_11192_163350955_data,1,776.0,878.0,DISP,0,0.0,0.0,0.0,0.0,0.0,0.0,0.0,0.0,0.0,0.0,0.0,3,FN,False,,0.0,0.31,318.0
20230310_60000/T_927_DISP_8780_ECE_9682_ECP_2624_200018167_data,1,104.0,335.0,DISP,0,0.0,0.0,0.0,0.0,0.0,0.0,0.0,0.0,0.0,0.0,0.0,1,FN,False,,0.0,0.86,255.0
20230310_55000/DISP_3074_E_5894_DISP_415_DISP_1413_184044414_data,1,106.0,208.0,DISP,0,0.0,0.0,0.0,0.0,0.0,0.0,0.0,0.0,0.0,0.0,0.0,0,FN,False,,0.0,0.77,108.0
20230310_60000/E_1226_EC_319_EC_1537_ECP_51260_195425885_data,1,745.0,885.0,ECP,0,0.0,0.0,0.0,0.0,0.0,0.0,0.0,0.0,0.0,0.0,0.0,3,FN,False,,0.0,0.34,635.0
20230310_45000/T_4102_E_10452_ECP_7793_174839349_data,1,495.0,933.0,ECP,0,0.0,0.0,0.0,0.0,0.0,0.0,0.0,0.0,0.0,0.0,0.0,2,FN,False,,0.0,0.35,110.0
20230310_40000/DISP_2687_DISP_1932_E_3633_164526248_data,1,282.0,470.0,DISP,0,0.0,0.0,0.0,0.0,0.0,0.0,0.0,0.0,0.0,0.0,0.0,0,FN,False,,0.0,0.55,173.0
20230310_75000/EC_3092_DISP_11742_ECE_10684_DISP_12585_220442786_data,1,673.0,769.0,DISP,0,0.0,0.0,0.0,0.0,0.0,0.0,0.0,0.0,0.0,0.0,0.0,3,FN,False,,0.0,0.62,967.0
20230310_80000/DISP_11639_E_5038_ECP_1534_223735546_data,1,16.0,84.0,DISP,0,0.0,0.0,0.0,0.0,0.0,0.0,0.0,0.0,0.0,0.0,0.0,0,FN,False,,0.0,0.81,627.0
20230310_15000/EC_3366_DISP_8636_ECE_11562_ECP_277_134948249_data,1,11.0,190.0,ECa,0,0.0,0.0,0.0,0.0,0.0,0.0,0.0,0.0,0.0,0.0,0.0,0,FN,False,,0.0,0.61,0.0
20230310_15000/EC_3366_DISP_8636_ECE_11562_ECP_277_134948249_data,1,190.0,336.0,DISP,0,0.0,0.0,0.0,0.0,0.0,0.0,0.0,0.0,0.0,0.0,0.0,1,FN,False,,0.0,0.6,0.0
20230310_75000/EC_1924_ECE_4024_SR_3001_215955503_data,1,18.0,89.0,ECb,0,0.0,0.0,0.0,0.0,0.0,0.0,0.0,0.0,0.0,0.0,0.0,0,FN,False,,0.0,0.91,102.0
20230310_15000/CE_405_SR_4815_E_12414_ECP_7793_135701700_data,1,757.0,967.0,ECP,0,0.0,0.0,0.0,0.0,0.0,0.0,0.0,0.0,0.0,0.0,0.0,3,FN,False,,0.0,0.23,859.0
20230310_10000/DISP_1620_E_1742_DISP_7091_124330632_data,1,706.0,807.0,DISP,0,0.0,0.0,0.0,0.0,0.0,0.0,0.0,0.0,0.0,0.0,0.0,2,FN,False,,0.0,0.62,546.0
20230310_70000/SR_3726_E_7454_DISP_8640_ECP_51150_211758833_data,1,551.0,663.0,DISP,0,0.0,0.0,0.0,0.0,0.0,0.0,0.0,0.0,0.0,0.0,0.0,2,FN,False,,0.0,0.37,248.0
20230310_25000/DISP_4681_DISP_513_ECE_7382_ECE_6381_145525862_data,1,5.0,37.0,DISP,0,0.0,0.0,0.0,0.0,0.0,0.0,0.0,0.0,0.0,0.0,0.0,0,FN,False,,0.0,0.34,194.0
20230310_15000/ECP_51570_EC_3358_CE_4036_E_7486_135309209_data,1,202.0,302.0,ECb,0,0.0,0.0,0.0,0.0,0.0,0.0,0.0,0.0,0.0,0.0,0.0,1,FN,False,,0.0,0.88,118.0
20230310_25000/ECP_50623_143955310_data,1,131.0,648.0,ECP,0,0.0,0.0,0.0,0.0,0.0,0.0,0.0,0.0,0.0,0.0,0.0,0,FN,False,,0.0,0.24,inf
20230310_5000/SR_1888_EC_1360_T_50244_123003227_data,1,573.0,789.0,ECa,0,0.0,0.0,0.0,0.0,0.0,0.0,0.0,0.0,0.0,0.0,0.0,1,FN,False,,0.0,0.57,163.0
20230310_65000/EC_3061_EC_1134_EC_1511_EC_2363_205309851_data,1,667.0,758.0,ECb,0,0.0,0.0,0.0,0.0,0.0,0.0,0.0,0.0,0.0,0.0,0.0,2,FN,False,,0.0,0.63,160.0
20230310_60000/ECP_377_DISP_384_19522694_data,1,652.0,997.0,DISP,0,0.0,0.0,0.0,0.0,0.0,0.0,0.0,0.0,0.0,0.0,0.0,1,FN,False,,0.0,0.61,995.0
20230310_65000/DISP_930_EC_1597_DISP_3339_EC_2543_203513833_data,1,53.0,136.0,DISP,0,0.0,0.0,0.0,0.0,0.0,0.0,0.0,0.0,0.0,0.0,0.0,0,FN,False,,0.0,0.49,833.0
20230310_55000/DISP_12945_DISP_12524_192450998_data,1,259.0,473.0,DISP,0,0.0,0.0,0.0,0.0,0.0,0.0,0.0,0.0,0.0,0.0,0.0,0,FN,False,,0.0,0.97,inf
20230310_55000/DISP_12945_DISP_12524_192450998_data,1,499.0,726.0,DISP,0,0.0,0.0,0.0,0.0,0.0,0.0,0.0,0.0,0.0,0.0,0.0,1,FN,False,,0.0,0.86,70.0
20230310_40000/DISP_6566_170939129_data,1,349.0,623.0,DISP,0,0.0,0.0,0.0,0.0,0.0,0.0,0.0,0.0,0.0,0.0,0.0,0,FN,False,,0.0,0.89,inf
20230310_60000/EC_2629_ECP_704_20054632_data,1,212.0,624.0,ECa,0,0.0,0.0,0.0,0.0,0.0,0.0,0.0,0.0,0.0,0.0,0.0,0,FN,False,,0.0,0.97,inf
20230310_75000/DISP_1477_CE_1774_EC_1324_ECP_10975_220044154_data,1,600.0,669.0,ECb,0,0.0,0.0,0.0,0.0,0.0,0.0,0.0,0.0,0.0,0.0,0.0,2,FN,False,,0.0,0.9,203.0
20230310_45000/CE_2553_SR_2487_E_4913_T_50850_17545567_data,1,679.0,999.0,T,0,0.0,0.0,0.0,0.0,0.0,0.0,0.0,0.0,0.0,0.0,0.0,3,FN,False,,0.0,0.68,153.0
20230310_20000/EC_1236_CE_448_141430563_data,1,54.0,380.0,ECb,0,0.0,0.0,0.0,0.0,0.0,0.0,0.0,0.0,0.0,0.0,0.0,0,FN,False,,0.0,0.2,inf
20230310_20000/E_6265_ECE_7865_E_5765_EC_284_1402036_data,1,715.0,886.0,ECa,0,0.0,0.0,0.0,0.0,0.0,0.0,0.0,0.0,0.0,0.0,0.0,3,FN,False,,0.0,0.27,311.0
20230310_50000/ECE_12504_SR_1063_EC_3200_T_6098_183706175_data,1,633.0,838.0,ECa,0,0.0,0.0,0.0,0.0,0.0,0.0,0.0,0.0,0.0,0.0,0.0,2,FN,False,,0.0,0.84,996.0
20230310_45000/DISP_316_ECE_6942_EC_1675_DISP_2506_174102815_data,1,768.0,829.0,DISP,0,0.0,0.0,0.0,0.0,0.0,0.0,0.0,0.0,0.0,0.0,0.0,3,FN,False,,0.0,0.99,183.0
20230310_5000/DISP_3021_EC_1863_E_1875_E_5746_120959144_data,1,34.0,199.0,DISP,0,0.0,0.0,0.0,0.0,0.0,0.0,0.0,0.0,0.0,0.0,0.0,0,FN,False,,0.0,0.28,328.0
20230310_50000/CE_2056_E_1580_CE_4444_SR_2858_181436726_data,1,541.0,700.0,ECa,0,0.0,0.0,0.0,0.0,0.0,0.0,0.0,0.0,0.0,0.0,0.0,2,FN,False,,0.0,0.28,837.0
20230310_75000/DISP_6245_E_7307_215128591_data,1,47.0,491.0,DISP,0,0.0,0.0,0.0,0.0,0.0,0.0,0.0,0.0,0.0,0.0,0.0,0,FN,False,,0.0,0.34,inf
20230310_25000/EC_3174_151106116_data,1,836.0,972.0,ECa,0,0.0,0.0,0.0,0.0,0.0,0.0,0.0,0.0,0.0,0.0,0.0,0,FN,False,,0.0,0.8,inf
20230310_45000/DISP_8695_E_1072_EC_1567_ECP_11190_17473468_data,1,35.0,102.0,DISP,0,0.0,0.0,0.0,0.0,0.0,0.0,0.0,0.0,0.0,0.0,0.0,0,FN,False,,0.0,0.48,820.0
20230310_25000/EC_1087_DISP_2471_ECE_509_EC_2131_145921245_data,1,802.0,965.0,ECb,0,0.0,0.0,0.0,0.0,0.0,0.0,0.0,0.0,0.0,0.0,0.0,3,FN,False,,0.0,0.78,90.0
20230310_55000/DISP_1349_DISP_2066_EC_31_SR_1332_185706141_data,1,394.0,501.0,DISP,0,0.0,0.0,0.0,0.0,0.0,0.0,0.0,0.0,0.0,0.0,0.0,1,FN,False,,0.0,0.44,381.0
20230310_15000/EC_277_135821811_data,1,60.0,229.0,ECb,0,0.0,0.0,0.0,0.0,0.0,0.0,0.0,0.0,0.0,0.0,0.0,0,FN,False,,0.0,0.49,inf
20230310_75000/EC_1743_E_2279_T_50022_214724298_data,1,344.0,502.0,ECa,0,0.0,0.0,0.0,0.0,0.0,0.0,0.0,0.0,0.0,0.0,0.0,0,FN,False,,0.0,0.38,346.0
20230310_80000/T_5927_EC_3021_EC_110_ECP_6812_225252846_data,1,80.0,235.0,ECb,0,0.0,0.0,0.0,0.0,0.0,0.0,0.0,0.0,0.0,0.0,0.0,1,FN,False,,0.0,0.37,9.0
20230310_40000/T_3075_DISP_12413_EC_93_DISP_10502_164433511_data,1,257.0,354.0,DISP,0,0.0,0.0,0.0,0.0,0.0,0.0,0.0,0.0,0.0,0.0,0.0,1,FN,False,,0.0,0.58,19.0
20230310_40000/T_3075_DISP_12413_EC_93_DISP_10502_164433511_data,1,693.0,757.0,DISP,0,0.0,0.0,0.0,0.0,0.0,0.0,0.0,0.0,0.0,0.0,0.0,3,FN,False,,0.0,0.28,359.0
20230310_60000/ECP_7748_ECE_5883_E_4820_E_1724_19350055_data,1,836.0,994.0,E,0,0.0,0.0,0.0,0.0,0.0,0.0,0.0,0.0,0.0,0.0,0.0,3,FN,False,,0.0,0.78,421.0
20230310_25000/ECE_6214_ECE_1581_E_6941_DISP_9224_145928578_data,1,758.0,807.0,DISP,0,0.0,0.0,0.0,0.0,0.0,0.0,0.0,0.0,0.0,0.0,0.0,3,FN,False,,0.0,0.39,381.0
20230310_65000/CE_5400_EC_3263_EC_172_CE_125_202050408_data,1,574.0,708.0,ECa,0,0.0,0.0,0.0,0.0,0.0,0.0,0.0,0.0,0.0,0.0,0.0,2,FN,False,,0.0,0.21,172.0
20230310_80000/EC_3212_ECE_11502_EC_1651_223814158_data,1,72.0,273.0,ECa,0,0.0,0.0,0.0,0.0,0.0,0.0,0.0,0.0,0.0,0.0,0.0,0,FN,False,,0.0,0.91,132.0
20230310_10000/ECP_2295_EC_464_ECE_9809_EC_3303_124608294_data,1,974.0,997.0,ECa,0,0.0,0.0,0.0,0.0,0.0,0.0,0.0,0.0,0.0,0.0,0.0,3,FN,False,,0.0,0.39,670.0
20230310_45000/DISP_4135_EC_2695_EC_2465_175319270_data,1,408.0,480.0,ECa,0,0.0,0.0,0.0,0.0,0.0,0.0,0.0,0.0,0.0,0.0,0.0,1,FN,False,,0.0,0.76,30.0
20230310_10000/EC_1078_EC_360_EC_1114_ECE_6821_131830793_data,1,516.0,593.0,ECa,0,0.0,0.0,0.0,0.0,0.0,0.0,0.0,0.0,0.0,0.0,0.0,2,FN,False,,0.0,0.98,550.0
20230310_75000/SR_778_EC_2066_T_50678_215750870_data,1,495.0,775.0,ECb,0,0.0,0.0,0.0,0.0,0.0,0.0,0.0,0.0,0.0,0.0,0.0,1,FN,False,,0.0,0.32,439.0
20230310_65000/EC_3279_SR_1250_203959615_data,1,376.0,536.0,ECa,0,0.0,0.0,0.0,0.0,0.0,0.0,0.0,0.0,0.0,0.0,0.0,0,FN,False,,0.0,0.81,inf
20230310_30000/T_3412_ECP_7793_152747617_data,1,448.0,927.0,ECP,0,0.0,0.0,0.0,0.0,0.0,0.0,0.0,0.0,0.0,0.0,0.0,1,FN,False,,0.0,0.55,763.0
20230310_45000/ECP_8738_DISP_9729_175512170_data,1,900.0,986.0,DISP,0,0.0,0.0,0.0,0.0,0.0,0.0,0.0,0.0,0.0,0.0,0.0,1,FN,False,,0.0,0.63,716.0
20230310_10000/ECP_52095_EC_341_CE_2857_13174215_data,1,175.0,272.0,ECP,0,0.0,0.0,0.0,0.0,0.0,0.0,0.0,0.0,0.0,0.0,0.0,0,FN,False,,0.0,0.28,907.0
20230310_5000/T_50922_DISP_791_ECP_10063_122839582_data,1,294.0,507.0,DISP,0,0.0,0.0,0.0,0.0,0.0,0.0,0.0,0.0,0.0,0.0,0.0,1,FN,False,,0.0,0.58,556.0
20230310_50000/ECE_8818_EC_88_EC_93_DISP_11404_181323525_data,1,332.0,522.0,ECb,0,0.0,0.0,0.0,0.0,0.0,0.0,0.0,0.0,0.0,0.0,0.0,1,FN,False,,0.0,0.75,157.0
20230310_65000/T_50096_E_4769_E_2060_ECP_51709_205214136_data,1,1.0,34.0,T,0,0.0,0.0,0.0,0.0,0.0,0.0,0.0,0.0,0.0,0.0,0.0,0,FN,False,,0.0,0.23,819.0
20230310_65000/E_8328_DISP_8025_T_51019_200722984_data,1,508.0,786.0,DISP,0,0.0,0.0,0.0,0.0,0.0,0.0,0.0,0.0,0.0,0.0,0.0,1,FN,False,,0.0,0.84,408.0
20230310_65000/DISP_12489_CE_4422_EC_1519_DISP_4548_202006551_data,1,183.0,289.0,DISP,0,0.0,0.0,0.0,0.0,0.0,0.0,0.0,0.0,0.0,0.0,0.0,0,FN,False,,0.0,0.22,261.0
20230310_65000/DISP_12489_CE_4422_EC_1519_DISP_4548_202006551_data,1,737.0,830.0,ECb,0,0.0,0.0,0.0,0.0,0.0,0.0,0.0,0.0,0.0,0.0,0.0,2,FN,False,,0.0,0.62,651.0
20230310_65000/DISP_12489_CE_4422_EC_1519_DISP_4548_202006551_data,1,837.0,973.0,DISP,0,0.0,0.0,0.0,0.0,0.0,0.0,0.0,0.0,0.0,0.0,0.0,3,FN,False,,0.0,0.84,35.0
20230310_25000/ECE_2351_EC_2432_ECP_12461_14481669_data,1,678.0,837.0,ECP,0,0.0,0.0,0.0,0.0,0.0,0.0,0.0,0.0,0.0,0.0,0.0,2,FN,False,,0.0,0.44,394.0
20230310_60000/SR_511_DISP_5148_DISP_7749_195130535_data,1,617.0,703.0,DISP,0,0.0,0.0,0.0,0.0,0.0,0.0,0.0,0.0,0.0,0.0,0.0,1,FN,False,,0.0,0.37,899.0
20230310_60000/SR_511_DISP_5148_DISP_7749_195130535_data,1,804.0,932.0,DISP,0,0.0,0.0,0.0,0.0,0.0,0.0,0.0,0.0,0.0,0.0,0.0,2,FN,False,,0.0,0.34,370.0
20230310_80000/ECP_9238_EC_634_E_12754_221616782_data,1,755.0,997.0,E,0,0.0,0.0,0.0,0.0,0.0,0.0,0.0,0.0,0.0,0.0,0.0,2,FN,False,,0.0,0.4,754.0
20230310_55000/DISP_9729_190856648_data,1,884.0,984.0,DISP,0,0.0,0.0,0.0,0.0,0.0,0.0,0.0,0.0,0.0,0.0,0.0,0,FN,False,,0.0,0.46,inf
20230310_50000/EC_2915_ECE_10021_DISP_11381_ECP_12512_180808486_data,1,7.0,189.0,ECb,0,0.0,0.0,0.0,0.0,0.0,0.0,0.0,0.0,0.0,0.0,0.0,0,FN,False,,0.0,0.76,440.0
20230310_55000/DISP_1482_EC_2141_DISP_6149_183811745_data,1,163.0,391.0,DISP,0,0.0,0.0,0.0,0.0,0.0,0.0,0.0,0.0,0.0,0.0,0.0,0,FN,False,,0.0,0.23,175.0
20230310_55000/DISP_1482_EC_2141_DISP_6149_183811745_data,1,479.0,681.0,ECa,0,0.0,0.0,0.0,0.0,0.0,0.0,0.0,0.0,0.0,0.0,0.0,1,FN,False,,0.0,0.85,175.0
20230310_5000/EC_520_EC_3404_EC_3032_T_51022_120159643_data,1,263.0,330.0,ECa,0,0.0,0.0,0.0,0.0,0.0,0.0,0.0,0.0,0.0,0.0,0.0,0,FN,False,,0.0,0.26,137.0
20230310_65000/DISP_6631_EC_1841_EC_2343_202757659_data,1,40.0,335.0,DISP,0,0.0,0.0,0.0,0.0,0.0,0.0,0.0,0.0,0.0,0.0,0.0,0,FN,False,,0.0,0.67,29.0
20230310_20000/ECP_10507_T_50500_14044550_data,1,2.0,280.0,ECP,0,0.0,0.0,0.0,0.0,0.0,0.0,0.0,0.0,0.0,0.0,0.0,0,FN,False,,0.0,0.32,inf
20230310_80000/T_3827_DISP_10921_DISP_12511_224645532_data,1,280.0,588.0,DISP,0,0.0,0.0,0.0,0.0,0.0,0.0,0.0,0.0,0.0,0.0,0.0,1,FN,False,,0.0,0.29,537.0
20230310_20000/EC_187_143455446_data,1,865.0,984.0,ECa,0,0.0,0.0,0.0,0.0,0.0,0.0,0.0,0.0,0.0,0.0,0.0,0,FN,False,,0.0,0.78,inf
20230310_55000/ECE_12472_DISP_8877_DISP_11292_T_1959_185811649_data,1,916.0,1000.0,T,0,0.0,0.0,0.0,0.0,0.0,0.0,0.0,0.0,0.0,0.0,0.0,3,FN,False,,0.0,0.65,836.0
20230310_20000/EC_7_140229157_data,1,561.0,875.0,ECa,0,0.0,0.0,0.0,0.0,0.0,0.0,0.0,0.0,0.0,0.0,0.0,0,FN,False,,0.0,0.31,inf
20230310_60000/ECP_6817_EC_414_CE_5482_CE_5267_192755459_data,1,219.0,307.0,ECb,0,0.0,0.0,0.0,0.0,0.0,0.0,0.0,0.0,0.0,0.0,0.0,1,FN,False,,0.0,0.57,301.0
20230310_15000/ECE_7457_ECE_10928_EC_2753_SR_3707_135605402_data,1,455.0,691.0,ECa,0,0.0,0.0,0.0,0.0,0.0,0.0,0.0,0.0,0.0,0.0,0.0,2,FN,False,,0.0,0.95,4.0
20230310_45000/E_2484_EC_0_DISP_10232_EC_341_173840548_data,1,673.0,840.0,ECa,0,0.0,0.0,0.0,0.0,0.0,0.0,0.0,0.0,0.0,0.0,0.0,3,FN,False,,0.0,0.91,76.0
20230310_40000/CE_2302_CE_1985_ECP_50197_165436719_data,1,792.0,984.0,ECP,0,0.0,0.0,0.0,0.0,0.0,0.0,0.0,0.0,0.0,0.0,0.0,2,FN,False,,0.0,0.57,476.0
20230310_60000/SR_1096_CE_2011_195642512_data,1,476.0,757.0,ECb,0,0.0,0.0,0.0,0.0,0.0,0.0,0.0,0.0,0.0,0.0,0.0,1,FN,False,,0.0,0.2,234.0
20230310_10000/ECE_8319_DISP_10387_ECE_1307_130414138_data,1,475.0,572.0,DISP,0,0.0,0.0,0.0,0.0,0.0,0.0,0.0,0.0,0.0,0.0,0.0,1,FN,False,,0.0,0.36,971.0
20230310_80000/CE_1536_EC_3060_SR_3643_222945775_data,1,137.0,347.0,ECb,0,0.0,0.0,0.0,0.0,0.0,0.0,0.0,0.0,0.0,0.0,0.0,0,FN,False,,0.0,0.32,240.0
20230310_10000/E_904_SR_3182_125648371_data,1,30.0,310.0,E,0,0.0,0.0,0.0,0.0,0.0,0.0,0.0,0.0,0.0,0.0,0.0,0,FN,False,,0.0,0.23,inf
20230310_20000/DISP_1764_143328129_data,1,88.0,635.0,DISP,0,0.0,0.0,0.0,0.0,0.0,0.0,0.0,0.0,0.0,0.0,0.0,0,FN,False,,0.0,0.29,inf
20230310_80000/ECP_11756_ECE_3896_EC_1783_DISP_2970_223146429_data,1,58.0,201.0,ECP,0,0.0,0.0,0.0,0.0,0.0,0.0,0.0,0.0,0.0,0.0,0.0,0,FN,False,,0.0,0.49,723.0
20230310_80000/ECP_11756_ECE_3896_EC_1783_DISP_2970_223146429_data,1,854.0,945.0,DISP,0,0.0,0.0,0.0,0.0,0.0,0.0,0.0,0.0,0.0,0.0,0.0,3,FN,False,,0.0,0.5,801.0
20230310_45000/EC_446_SR_271_T_50577_175821145_data,1,108.0,311.0,ECb,0,0.0,0.0,0.0,0.0,0.0,0.0,0.0,0.0,0.0,0.0,0.0,0,FN,False,,0.0,0.32,252.0
20230310_15000/EC_1689_EC_234_133400556_data,1,270.0,404.0,ECa,0,0.0,0.0,0.0,0.0,0.0,0.0,0.0,0.0,0.0,0.0,0.0,0,FN,False,,0.0,0.25,inf
20230310_10000/DISP_8417_EC_682_SR_1063_EC_636_12510796_data,1,849.0,956.0,ECa,0,0.0,0.0,0.0,0.0,0.0,0.0,0.0,0.0,0.0,0.0,0.0,3,FN,False,,0.0,0.79,739.0
20230310_50000/DISP_400_E_6872_180233360_data,1,7.0,63.0,DISP,0,0.0,0.0,0.0,0.0,0.0,0.0,0.0,0.0,0.0,0.0,0.0,0,FN,False,,0.0,0.44,inf
20230310_50000/ECE_3180_SR_3885_T_50377_181259797_data,1,986.0,1000.0,T,0,0.0,0.0,0.0,0.0,0.0,0.0,0.0,0.0,0.0,0.0,0.0,2,FN,False,,0.0,0.98,426.0
20230310_50000/EC_746_DISP_9530_ECE_10822_SR_1790_181114275_data,1,143.0,238.0,ECb,0,0.0,0.0,0.0,0.0,0.0,0.0,0.0,0.0,0.0,0.0,0.0,0,FN,False,,0.0,0.79,706.0
20230310_35000/EC_940_SR_4251_163714612_data,1,383.0,476.0,ECa,0,0.0,0.0,0.0,0.0,0.0,0.0,0.0,0.0,0.0,0.0,0.0,0,FN,False,,0.0,0.69,inf
20230310_35000/DISP_8212_ECE_4016_ECE_12359_T_50865_161417651_data,1,49.0,205.0,DISP,0,0.0,0.0,0.0,0.0,0.0,0.0,0.0,0.0,0.0,0.0,0.0,0,FN,False,,0.0,0.47,761.0
20230310_15000/EC_293_DISP_12510_E_1894_T_50377_132958375_data,1,988.0,1000.0,T,0,0.0,0.0,0.0,0.0,0.0,0.0,0.0,0.0,0.0,0.0,0.0,3,FN,False,,0.0,0.42,529.0
20230310_35000/CE_522_DISP_8002_ECP_52435_161901214_data,1,731.0,872.0,ECP,0,0.0,0.0,0.0,0.0,0.0,0.0,0.0,0.0,0.0,0.0,0.0,2,FN,False,,0.0,0.4,711.0
20230310_10000/DISP_4527_DISP_2606_E_5690_SR_699_124127792_data,1,427.0,540.0,DISP,0,0.0,0.0,0.0,0.0,0.0,0.0,0.0,0.0,0.0,0.0,0.0,1,FN,False,,0.0,0.37,187.0
20230310_80000/DISP_7332_DISP_3853_EC_2629_222601219_data,1,634.0,876.0,ECb,0,0.0,0.0,0.0,0.0,0.0,0.0,0.0,0.0,0.0,0.0,0.0,2,FN,False,,0.0,0.21,673.0
20230310_30000/E_4650_ECE_4565_DISP_7456_DISP_187_153625522_data,1,540.0,703.0,DISP,0,0.0,0.0,0.0,0.0,0.0,0.0,0.0,0.0,0.0,0.0,0.0,2,FN,False,,0.0,0.2,376.0
20230310_70000/CE_1748_CE_1085_EC_2013_T_50026_212614270_data,1,746.0,832.0,ECb,0,0.0,0.0,0.0,0.0,0.0,0.0,0.0,0.0,0.0,0.0,0.0,2,FN,False,,0.0,0.87,972.0
20230310_25000/T_7150_EC_3426_145450538_data,1,431.0,639.0,ECb,0,0.0,0.0,0.0,0.0,0.0,0.0,0.0,0.0,0.0,0.0,0.0,1,FN,False,,0.0,0.33,743.0
20230310_50000/ECP_50545_EC_1432_DISP_5931_DISP_1648_183251744_data,1,95.0,238.0,ECP,0,0.0,0.0,0.0,0.0,0.0,0.0,0.0,0.0,0.0,0.0,0.0,0,FN,False,,0.0,0.74,612.0
20230310_45000/DISP_8742_EC_2013_DISP_8814_SR_70_173156923_data,1,63.0,163.0,DISP,0,0.0,0.0,0.0,0.0,0.0,0.0,0.0,0.0,0.0,0.0,0.0,0,FN,False,,0.0,0.23,149.0
20230310_40000/CE_4069_T_50078_165259768_data,1,28.0,729.0,ECa,0,0.0,0.0,0.0,0.0,0.0,0.0,0.0,0.0,0.0,0.0,0.0,0,FN,False,,0.0,0.65,inf
20230310_40000/CE_4069_T_50078_165259768_data,1,952.0,1001.0,T,0,0.0,0.0,0.0,0.0,0.0,0.0,0.0,0.0,0.0,0.0,0.0,1,FN,False,,0.0,0.71,258.0
20230310_35000/EC_3346_155626458_data,1,365.0,974.0,ECa,0,0.0,0.0,0.0,0.0,0.0,0.0,0.0,0.0,0.0,0.0,0.0,0,FN,False,,0.0,1.0,inf
20230310_5000/EC_802_120524343_data,1,441.0,730.0,ECb,0,0.0,0.0,0.0,0.0,0.0,0.0,0.0,0.0,0.0,0.0,0.0,0,FN,False,,0.0,0.42,inf
20230310_45000/E_2057_EC_1084_175658381_data,1,552.0,818.0,ECa,0,0.0,0.0,0.0,0.0,0.0,0.0,0.0,0.0,0.0,0.0,0.0,1,FN,False,,0.0,0.5,120.0
20230310_45000/SR_4651_CE_4549_E_4769_E_413_174829503_data,1,819.0,989.0,E,0,0.0,0.0,0.0,0.0,0.0,0.0,0.0,0.0,0.0,0.0,0.0,3,FN,False,,0.0,0.52,632.0
20230310_70000/T_9711_EC_613_CE_1427_DISP_10857_211733702_data,1,175.0,390.0,ECb,0,0.0,0.0,0.0,0.0,0.0,0.0,0.0,0.0,0.0,0.0,0.0,1,FN,False,,0.0,0.28,447.0
20230310_5000/EC_517_EC_2608_ECE_5346_EC_1856_123511892_data,1,832.0,985.0,ECb,0,0.0,0.0,0.0,0.0,0.0,0.0,0.0,0.0,0.0,0.0,0.0,3,FN,False,,0.0,0.21,129.0
20230310_5000/ECE_9378_DISP_12953_E_12473_CE_1096_122620770_data,1,335.0,412.0,DISP,0,0.0,0.0,0.0,0.0,0.0,0.0,0.0,0.0,0.0,0.0,0.0,1,FN,False,,0.0,0.74,104.0
20230310_50000/CE_4132_CE_3162_DISP_7961_181054347_data,1,736.0,889.0,DISP,0,0.0,0.0,0.0,0.0,0.0,0.0,0.0,0.0,0.0,0.0,0.0,2,FN,False,,0.0,0.25,476.0
20230310_75000/T_4982_E_12360_EC_807_SR_4247_220214232_data,1,342.0,477.0,ECa,0,0.0,0.0,0.0,0.0,0.0,0.0,0.0,0.0,0.0,0.0,0.0,2,FN,False,,0.0,0.72,187.0
20230310_65000/T_3477_ECE_8301_DISP_10296_SR_210_201528362_data,1,651.0,724.0,DISP,0,0.0,0.0,0.0,0.0,0.0,0.0,0.0,0.0,0.0,0.0,0.0,2,FN,False,,0.0,0.49,989.0
20230310_75000/ECP_9487_T_9011_221252293_data,1,139.0,629.0,ECP,0,0.0,0.0,0.0,0.0,0.0,0.0,0.0,0.0,0.0,0.0,0.0,0,FN,False,,0.0,0.24,inf
20230310_40000/SR_1690_DISP_4269_164507732_data,1,757.0,940.0,DISP,0,0.0,0.0,0.0,0.0,0.0,0.0,0.0,0.0,0.0,0.0,0.0,1,FN,False,,0.0,0.2,108.0
20230310_25000/DISP_2287_EC_1251_EC_2635_145410134_data,1,96.0,197.0,DISP,0,0.0,0.0,0.0,0.0,0.0,0.0,0.0,0.0,0.0,0.0,0.0,0,FN,False,,0.0,0.41,208.0
20230310_10000/ECP_3213_DISP_1749_ECE_3415_DISP_3219_124258430_data,1,770.0,857.0,DISP,0,0.0,0.0,0.0,0.0,0.0,0.0,0.0,0.0,0.0,0.0,0.0,3,FN,False,,0.0,0.49,880.0
20230310_30000/E_2956_ECE_12893_DISP_5231_EC_1634_154703867_data,1,605.0,746.0,DISP,0,0.0,0.0,0.0,0.0,0.0,0.0,0.0,0.0,0.0,0.0,0.0,2,FN,False,,0.0,0.37,41.0
20230310_75000/E_7291_SR_2946_EC_890_ECE_209_21440414_data,1,13.0,161.0,E,0,0.0,0.0,0.0,0.0,0.0,0.0,0.0,0.0,0.0,0.0,0.0,0,FN,False,,0.0,0.77,326.0
20230310_60000/EC_599_CE_616_ECE_9682_E_11489_200041329_data,1,153.0,213.0,ECa,0,0.0,0.0,0.0,0.0,0.0,0.0,0.0,0.0,0.0,0.0,0.0,0,FN,False,,0.0,0.7,86.0
20230310_55000/DISP_3289_CE_4286_T_50774_184617876_data,1,218.0,370.0,DISP,0,0.0,0.0,0.0,0.0,0.0,0.0,0.0,0.0,0.0,0.0,0.0,0,FN,False,,0.0,0.73,637.0
20230310_30000/DISP_3586_DISP_11156_SR_1438_ECE_1618_153702475_data,1,116.0,205.0,DISP,0,0.0,0.0,0.0,0.0,0.0,0.0,0.0,0.0,0.0,0.0,0.0,0,FN,False,,0.0,0.87,922.0
20230310_60000/DISP_12907_EC_2880_T_50608_194610303_data,1,944.0,1000.0,T,0,0.0,0.0,0.0,0.0,0.0,0.0,0.0,0.0,0.0,0.0,0.0,2,FN,False,,0.0,0.27,941.0
20230310_40000/ECE_3635_EC_2958_DISP_3722_ECP_10714_170233975_data,1,293.0,460.0,ECb,0,0.0,0.0,0.0,0.0,0.0,0.0,0.0,0.0,0.0,0.0,0.0,1,FN,False,,0.0,0.56,315.0
20230310_70000/E_3885_EC_1016_E_1899_T_51043_212506253_data,1,3.0,201.0,E,0,0.0,0.0,0.0,0.0,0.0,0.0,0.0,0.0,0.0,0.0,0.0,0,FN,False,,0.0,0.21,481.0
20230310_45000/DISP_125_ECP_5728_175538754_data,1,56.0,412.0,DISP,0,0.0,0.0,0.0,0.0,0.0,0.0,0.0,0.0,0.0,0.0,0.0,0,FN,False,,0.0,0.94,inf
20230310_25000/ECP_1380_EC_549_DISP_1575_145634471_data,1,126.0,250.0,ECP,0,0.0,0.0,0.0,0.0,0.0,0.0,0.0,0.0,0.0,0.0,0.0,0,FN,False,,0.0,0.82,412.0
20230310_35000/E_6269_EC_1538_ECE_6290_E_733_160216575_data,1,819.0,995.0,E,0,0.0,0.0,0.0,0.0,0.0,0.0,0.0,0.0,0.0,0.0,0.0,3,FN,False,,0.0,0.32,336.0
20230310_10000/EC_2016_DISP_5551_124701357_data,1,771.0,911.0,DISP,0,0.0,0.0,0.0,0.0,0.0,0.0,0.0,0.0,0.0,0.0,0.0,1,FN,False,,0.0,0.29,466.0
20230310_60000/EC_1068_T_50802_193932814_data,1,291.0,640.0,ECb,0,0.0,0.0,0.0,0.0,0.0,0.0,0.0,0.0,0.0,0.0,0.0,0,FN,False,,0.0,0.2,inf
20230310_25000/CE_4302_SR_4784_DISP_7093_DISP_9441_145920238_data,1,452.0,523.0,DISP,0,0.0,0.0,0.0,0.0,0.0,0.0,0.0,0.0,0.0,0.0,0.0,2,FN,False,,0.0,0.99,93.0
20230310_10000/EC_1251_SR_4349_ECE_6432_E_3314_125616105_data,1,133.0,247.0,ECa,0,0.0,0.0,0.0,0.0,0.0,0.0,0.0,0.0,0.0,0.0,0.0,0,FN,False,,0.0,0.85,852.0
20230310_25000/E_7519_DISP_10057_150333774_data,1,575.0,822.0,DISP,0,0.0,0.0,0.0,0.0,0.0,0.0,0.0,0.0,0.0,0.0,0.0,1,FN,False,,0.0,0.92,286.0
20230310_40000/EC_1174_165849720_data,1,164.0,369.0,ECb,0,0.0,0.0,0.0,0.0,0.0,0.0,0.0,0.0,0.0,0.0,0.0,0,FN,False,,0.0,0.3,inf
20230310_70000/DISP_7916_DISP_4638_DISP_692_211547872_data,1,731.0,950.0,DISP,0,0.0,0.0,0.0,0.0,0.0,0.0,0.0,0.0,0.0,0.0,0.0,2,FN,False,,0.0,0.42,613.0
20230310_50000/SR_2188_E_538_EC_1174_EC_1683_182507606_data,1,506.0,592.0,ECb,0,0.0,0.0,0.0,0.0,0.0,0.0,0.0,0.0,0.0,0.0,0.0,2,FN,False,,0.0,1.0,6.0
20230310_10000/EC_2258_E_4491_E_4360_131029211_data,1,40.0,160.0,ECb,0,0.0,0.0,0.0,0.0,0.0,0.0,0.0,0.0,0.0,0.0,0.0,0,FN,False,,0.0,0.28,91.0
20230310_50000/EC_2221_DISP_2960_180250676_data,1,217.0,431.0,ECb,0,0.0,0.0,0.0,0.0,0.0,0.0,0.0,0.0,0.0,0.0,0.0,0,FN,False,,0.0,0.86,inf
20230310_50000/EC_2221_DISP_2960_180250676_data,1,474.0,696.0,DISP,0,0.0,0.0,0.0,0.0,0.0,0.0,0.0,0.0,0.0,0.0,0.0,1,FN,False,,0.0,0.92,115.0
20230310_5000/EC_370_122708800_data,1,214.0,504.0,ECb,0,0.0,0.0,0.0,0.0,0.0,0.0,0.0,0.0,0.0,0.0,0.0,0,FN,False,,0.0,0.32,inf
20230310_80000/ECP_8575_EC_2777_DISP_315_DISP_5737_224028147_data,1,806.0,881.0,DISP,0,0.0,0.0,0.0,0.0,0.0,0.0,0.0,0.0,0.0,0.0,0.0,3,FN,False,,0.0,0.28,999.0
20230310_10000/DISP_335_E_331_131347866_data,1,127.0,427.0,DISP,0,0.0,0.0,0.0,0.0,0.0,0.0,0.0,0.0,0.0,0.0,0.0,0,FN,False,,0.0,0.52,inf
20230310_15000/EC_923_132243799_data,1,311.0,621.0,ECa,0,0.0,0.0,0.0,0.0,0.0,0.0,0.0,0.0,0.0,0.0,0.0,0,FN,False,,0.0,0.95,inf
20230310_60000/EC_921_EC_20_DISP_8054_T_78_200639226_data,1,176.0,239.0,ECa,0,0.0,0.0,0.0,0.0,0.0,0.0,0.0,0.0,0.0,0.0,0.0,0,FN,False,,0.0,1.0,515.0
20230310_60000/EC_921_EC_20_DISP_8054_T_78_200639226_data,1,342.0,531.0,ECa,0,0.0,0.0,0.0,0.0,0.0,0.0,0.0,0.0,0.0,0.0,0.0,1,FN,False,,0.0,0.2,515.0
20230310_70000/E_11725_ECE_10061_EC_2987_T_2370_212654788_data,1,981.0,999.0,T,0,0.0,0.0,0.0,0.0,0.0,0.0,0.0,0.0,0.0,0.0,0.0,3,FN,False,,0.0,0.49,858.0
20230310_15000/EC_442_EC_419_E_10120_T_5003_133735326_data,1,313.0,432.0,ECa,0,0.0,0.0,0.0,0.0,0.0,0.0,0.0,0.0,0.0,0.0,0.0,1,FN,False,,0.0,0.56,66.0
20230310_50000/ECP_4255_EC_1965_182529575_data,1,583.0,819.0,ECa,0,0.0,0.0,0.0,0.0,0.0,0.0,0.0,0.0,0.0,0.0,0.0,1,FN,False,,0.0,0.91,330.0
20230310_15000/CE_5725_EC_774_E_11100_T_4012_133009316_data,1,382.0,520.0,ECb,0,0.0,0.0,0.0,0.0,0.0,0.0,0.0,0.0,0.0,0.0,0.0,1,FN,False,,0.0,0.57,231.0
20230310_5000/EC_2984_121953436_data,1,231.0,584.0,ECa,0,0.0,0.0,0.0,0.0,0.0,0.0,0.0,0.0,0.0,0.0,0.0,0,FN,False,,0.0,0.63,inf
20230310_20000/T_50873_SR_4538_DISP_6872_142738482_data,1,726.0,908.0,DISP,0,0.0,0.0,0.0,0.0,0.0,0.0,0.0,0.0,0.0,0.0,0.0,2,FN,False,,0.0,0.72,597.0
20230310_45000/DISP_8221_EC_2297_175558309_data,1,363.0,718.0,DISP,0,0.0,0.0,0.0,0.0,0.0,0.0,0.0,0.0,0.0,0.0,0.0,0,FN,False,,0.0,0.42,inf
20230310_35000/CE_1945_EC_1430_T_50060_164403691_data,1,577.0,695.0,ECa,0,0.0,0.0,0.0,0.0,0.0,0.0,0.0,0.0,0.0,0.0,0.0,1,FN,False,,0.0,0.27,465.0
20230310_70000/EC_424_SR_1228_EC_3445_212004645_data,1,189.0,350.0,ECb,0,0.0,0.0,0.0,0.0,0.0,0.0,0.0,0.0,0.0,0.0,0.0,0,FN,False,,0.0,0.76,373.0
20230310_15000/E_3885_CE_4901_CE_5036_ECP_7944_132622778_data,1,2.0,146.0,E,0,0.0,0.0,0.0,0.0,0.0,0.0,0.0,0.0,0.0,0.0,0.0,0,FN,False,,0.0,0.42,737.0
20230310_75000/ECE_4935_DISP_3172_DISP_6989_215225178_data,1,975.0,997.0,DISP,0,0.0,0.0,0.0,0.0,0.0,0.0,0.0,0.0,0.0,0.0,0.0,2,FN,False,,0.0,0.26,729.0
20230310_45000/SR_4858_EC_2383_EC_1336_174635157_data,1,498.0,685.0,ECb,0,0.0,0.0,0.0,0.0,0.0,0.0,0.0,0.0,0.0,0.0,0.0,1,FN,False,,0.0,0.42,615.0
20230310_40000/DISP_12367_CE_1433_SR_4326_171141504_data,1,53.0,144.0,DISP,0,0.0,0.0,0.0,0.0,0.0,0.0,0.0,0.0,0.0,0.0,0.0,0,FN,False,,0.0,0.64,745.0
20230310_5000/E_9781_DISP_11341_123027338_data,1,901.0,988.0,DISP,0,0.0,0.0,0.0,0.0,0.0,0.0,0.0,0.0,0.0,0.0,0.0,1,FN,False,,0.0,0.61,356.0
20230310_60000/E_4928_EC_3381_T_51025_195325402_data,1,564.0,753.0,ECb,0,0.0,0.0,0.0,0.0,0.0,0.0,0.0,0.0,0.0,0.0,0.0,1,FN,False,,0.0,0.46,887.0
20230310_20000/ECP_10344_EC_2095_EC_215_ECE_5345_14131085_data,1,270.0,387.0,ECa,0,0.0,0.0,0.0,0.0,0.0,0.0,0.0,0.0,0.0,0.0,0.0,1,FN,False,,0.0,0.89,664.0
20230310_60000/E_8771_ECE_9064_193322894_data,1,553.0,838.0,ECE,0,0.0,0.0,0.0,0.0,0.0,0.0,0.0,0.0,0.0,0.0,0.0,1,FN,False,,0.0,0.62,452.0
20230310_50000/EC_618_DISP_12601_ECP_11991_181526116_data,1,98.0,301.0,ECb,0,0.0,0.0,0.0,0.0,0.0,0.0,0.0,0.0,0.0,0.0,0.0,0,FN,False,,0.0,0.33,732.0
20230310_15000/E_5153_DISP_1616_132754989_data,1,843.0,969.0,DISP,0,0.0,0.0,0.0,0.0,0.0,0.0,0.0,0.0,0.0,0.0,0.0,1,FN,False,,0.0,0.32,964.0
20230310_65000/E_11369_SR_3702_EC_726_202326992_data,1,665.0,746.0,ECb,0,0.0,0.0,0.0,0.0,0.0,0.0,0.0,0.0,0.0,0.0,0.0,2,FN,False,,0.0,0.68,629.0
20230310_10000/E_3592_ECE_2825_EC_2383_ECP_10691_125635952_data,1,672.0,792.0,ECa,0,0.0,0.0,0.0,0.0,0.0,0.0,0.0,0.0,0.0,0.0,0.0,2,FN,False,,0.0,0.64,292.0
20230310_40000/SR_3943_EC_341_CE_1701_165043648_data,1,281.0,505.0,ECa,0,0.0,0.0,0.0,0.0,0.0,0.0,0.0,0.0,0.0,0.0,0.0,1,FN,False,,0.0,0.85,50.0
20230310_55000/CE_454_DISP_10333_EC_463_EC_3149_191859607_data,1,667.0,761.0,ECa,0,0.0,0.0,0.0,0.0,0.0,0.0,0.0,0.0,0.0,0.0,0.0,2,FN,False,,0.0,0.32,168.0
20230310_25000/EC_3225_EC_3115_DISP_11237_151025850_data,1,263.0,388.0,ECa,0,0.0,0.0,0.0,0.0,0.0,0.0,0.0,0.0,0.0,0.0,0.0,0,FN,False,,0.0,0.3,178.0
20230310_75000/ECE_9537_EC_3126_ECE_9191_CE_670_221044497_data,1,302.0,408.0,ECa,0,0.0,0.0,0.0,0.0,0.0,0.0,0.0,0.0,0.0,0.0,0.0,1,FN,False,,0.0,0.75,187.0
20230310_70000/EC_2111_ECE_3178_213148286_data,1,13.0,89.0,ECb,0,0.0,0.0,0.0,0.0,0.0,0.0,0.0,0.0,0.0,0.0,0.0,0,FN,False,,0.0,0.79,inf
20230310_15000/ECE_6641_EC_176_ECE_954_E_9347_132517465_data,1,8.0,219.0,ECE,0,0.0,0.0,0.0,0.0,0.0,0.0,0.0,0.0,0.0,0.0,0.0,0,FN,False,,0.0,0.23,14.0
20230310_15000/ECE_6641_EC_176_ECE_954_E_9347_132517465_data,1,221.0,334.0,ECa,0,0.0,0.0,0.0,0.0,0.0,0.0,0.0,0.0,0.0,0.0,0.0,1,FN,False,,0.0,0.31,14.0
20230310_30000/DISP_1129_ECE_448_T_50870_152717549_data,1,52.0,162.0,DISP,0,0.0,0.0,0.0,0.0,0.0,0.0,0.0,0.0,0.0,0.0,0.0,0,FN,False,,0.0,0.4,268.0
20230310_80000/EC_2535_EC_344_T_51115_223111774_data,1,192.0,376.0,ECb,0,0.0,0.0,0.0,0.0,0.0,0.0,0.0,0.0,0.0,0.0,0.0,0,FN,False,,0.0,0.85,345.0
20230310_80000/ECE_1860_DISP_5962_T_50466_223047573_data,1,574.0,798.0,DISP,0,0.0,0.0,0.0,0.0,0.0,0.0,0.0,0.0,0.0,0.0,0.0,1,FN,False,,0.0,0.84,490.0
20230310_50000/SR_2816_DISP_7332_DISP_5141_EC_279_182333505_data,1,689.0,755.0,DISP,0,0.0,0.0,0.0,0.0,0.0,0.0,0.0,0.0,0.0,0.0,0.0,2,FN,False,,0.0,0.39,301.0
20230310_50000/SR_2816_DISP_7332_DISP_5141_EC_279_182333505_data,1,784.0,980.0,ECa,0,0.0,0.0,0.0,0.0,0.0,0.0,0.0,0.0,0.0,0.0,0.0,3,FN,False,,0.0,0.51,141.0
20230310_30000/ECP_10837_EC_403_T_50513_151839736_data,1,435.0,587.0,ECb,0,0.0,0.0,0.0,0.0,0.0,0.0,0.0,0.0,0.0,0.0,0.0,1,FN,False,,0.0,0.59,586.0
20230310_60000/E_589_EC_2368_EC_1925_E_1434_194857986_data,1,410.0,504.0,ECb,0,0.0,0.0,0.0,0.0,0.0,0.0,0.0,0.0,0.0,0.0,0.0,1,FN,False,,0.0,0.5,182.0
20230310_75000/E_2959_DISP_1531_T_50853_214305164_data,1,571.0,725.0,DISP,0,0.0,0.0,0.0,0.0,0.0,0.0,0.0,0.0,0.0,0.0,0.0,1,FN,False,,0.0,0.91,199.0
20230310_50000/EC_2833_DISP_4123_T_50981_182435248_data,1,699.0,851.0,DISP,0,0.0,0.0,0.0,0.0,0.0,0.0,0.0,0.0,0.0,0.0,0.0,1,FN,False,,0.0,0.31,600.0
20230310_15000/SR_1148_DISP_1534_EC_494_EC_249_135112317_data,1,508.0,579.0,ECb,0,0.0,0.0,0.0,0.0,0.0,0.0,0.0,0.0,0.0,0.0,0.0,2,FN,False,,0.0,0.52,219.0
20230310_50000/DISP_7937_EC_1421_DISP_6032_180024519_data,1,699.0,803.0,DISP,0,0.0,0.0,0.0,0.0,0.0,0.0,0.0,0.0,0.0,0.0,0.0,2,FN,False,,0.0,0.87,921.0
20230310_45000/DISP_11786_SR_4511_T_50292_175051640_data,1,491.0,1000.0,T,0,0.0,0.0,0.0,0.0,0.0,0.0,0.0,0.0,0.0,0.0,0.0,2,FN,False,,0.0,0.96,240.0
20230310_65000/DISP_483_EC_2945_EC_126_ECE_5207_202527908_data,1,94.0,182.0,DISP,0,0.0,0.0,0.0,0.0,0.0,0.0,0.0,0.0,0.0,0.0,0.0,0,FN,False,,0.0,0.47,118.0
20230310_65000/DISP_12432_DISP_11077_T_6616_201545320_data,1,89.0,263.0,DISP,0,0.0,0.0,0.0,0.0,0.0,0.0,0.0,0.0,0.0,0.0,0.0,0,FN,False,,0.0,0.79,6.0
20230310_20000/EC_158_EC_2981_EC_799_T_50823_140511552_data,1,978.0,1000.0,T,0,0.0,0.0,0.0,0.0,0.0,0.0,0.0,0.0,0.0,0.0,0.0,3,FN,False,,0.0,0.49,268.0
20230310_65000/E_7849_DISP_1791_DISP_4037_201502623_data,1,662.0,891.0,DISP,0,0.0,0.0,0.0,0.0,0.0,0.0,0.0,0.0,0.0,0.0,0.0,2,FN,False,,0.0,0.51,367.0
20230310_25000/DISP_5892_DISP_7552_SR_4178_DISP_144_144414742_data,1,972.0,997.0,DISP,0,0.0,0.0,0.0,0.0,0.0,0.0,0.0,0.0,0.0,0.0,0.0,3,FN,False,,0.0,0.7,125.0
20230310_20000/ECE_2424_DISP_363_DISP_2892_E_2273_140908587_data,1,492.0,731.0,DISP,0,0.0,0.0,0.0,0.0,0.0,0.0,0.0,0.0,0.0,0.0,0.0,2,FN,False,,0.0,0.78,247.0
20230310_55000/EC_187_CE_5655_DISP_10561_CE_5643_18510870_data,1,4.0,33.0,ECb,0,0.0,0.0,0.0,0.0,0.0,0.0,0.0,0.0,0.0,0.0,0.0,0,FN,False,,0.0,0.82,666.0
20230310_30000/CE_2454_SR_3245_ECE_11686_T_50854_154727831_data,1,534.0,712.0,ECE,0,0.0,0.0,0.0,0.0,0.0,0.0,0.0,0.0,0.0,0.0,0.0,2,FN,False,,0.0,0.24,23.0
20230310_30000/ECE_1055_DISP_6912_DISP_325_EC_432_154832827_data,1,358.0,448.0,DISP,0,0.0,0.0,0.0,0.0,0.0,0.0,0.0,0.0,0.0,0.0,0.0,1,FN,False,,0.0,0.78,174.0
20230310_30000/ECE_1055_DISP_6912_DISP_325_EC_432_154832827_data,1,595.0,687.0,DISP,0,0.0,0.0,0.0,0.0,0.0,0.0,0.0,0.0,0.0,0.0,0.0,2,FN,False,,0.0,0.63,923.0
20230310_55000/T_7116_ECE_11256_SR_4815_EC_303_184754607_data,1,745.0,903.0,ECa,0,0.0,0.0,0.0,0.0,0.0,0.0,0.0,0.0,0.0,0.0,0.0,3,FN,False,,0.0,0.59,344.0
20230310_75000/EC_3021_EC_800_214429409_data,1,171.0,380.0,ECb,0,0.0,0.0,0.0,0.0,0.0,0.0,0.0,0.0,0.0,0.0,0.0,0,FN,False,,0.0,0.36,inf
20230310_75000/EC_3021_EC_800_214429409_data,1,529.0,943.0,ECa,0,0.0,0.0,0.0,0.0,0.0,0.0,0.0,0.0,0.0,0.0,0.0,1,FN,False,,0.0,0.93,332.0
20230310_35000/DISP_10721_EC_2102_163552504_data,1,253.0,556.0,DISP,0,0.0,0.0,0.0,0.0,0.0,0.0,0.0,0.0,0.0,0.0,0.0,0,FN,False,,0.0,0.68,inf
20230310_35000/DISP_10721_EC_2102_163552504_data,1,640.0,979.0,ECa,0,0.0,0.0,0.0,0.0,0.0,0.0,0.0,0.0,0.0,0.0,0.0,1,FN,False,,0.0,0.25,231.0
20230310_70000/DISP_5275_DISP_4727_ECE_2829_T_50083_210437314_data,1,71.0,163.0,DISP,0,0.0,0.0,0.0,0.0,0.0,0.0,0.0,0.0,0.0,0.0,0.0,0,FN,False,,0.0,0.57,155.0
20230310_20000/EC_3267_SR_4249_EC_918_DISP_12692_141159630_data,1,531.0,713.0,ECb,0,0.0,0.0,0.0,0.0,0.0,0.0,0.0,0.0,0.0,0.0,0.0,2,FN,False,,0.0,0.78,475.0
20230310_25000/T_50930_SR_4349_EC_2404_ECP_6948_15044345_data,1,1.0,72.0,T,0,0.0,0.0,0.0,0.0,0.0,0.0,0.0,0.0,0.0,0.0,0.0,0,FN,False,,0.0,0.49,751.0
20230310_50000/SR_4925_SR_2000_CE_1946_EC_2049_180031344_data,1,657.0,846.0,ECa,0,0.0,0.0,0.0,0.0,0.0,0.0,0.0,0.0,0.0,0.0,0.0,3,FN,False,,0.0,0.94,297.0
20230310_65000/DISP_11352_ECE_5697_EC_2586_205154697_data,1,155.0,281.0,DISP,0,0.0,0.0,0.0,0.0,0.0,0.0,0.0,0.0,0.0,0.0,0.0,0,FN,False,,0.0,0.21,301.0
20230310_15000/CE_4754_T_50587_13581791_data,1,927.0,1001.0,T,0,0.0,0.0,0.0,0.0,0.0,0.0,0.0,0.0,0.0,0.0,0.0,1,FN,False,,0.0,1.0,170.0
20230310_10000/DISP_8000_EC_2480_EC_1731_E_5691_130023152_data,1,29.0,146.0,DISP,0,0.0,0.0,0.0,0.0,0.0,0.0,0.0,0.0,0.0,0.0,0.0,0,FN,False,,0.0,1.0,517.0
20230310_75000/EC_751_214846934_data,1,444.0,681.0,ECa,0,0.0,0.0,0.0,0.0,0.0,0.0,0.0,0.0,0.0,0.0,0.0,0,FN,False,,0.0,0.62,inf
20230310_75000/E_9202_CE_1295_EC_196_213700521_data,1,677.0,805.0,ECb,0,0.0,0.0,0.0,0.0,0.0,0.0,0.0,0.0,0.0,0.0,0.0,2,FN,False,,0.0,0.85,548.0
20230310_75000/CE_5753_DISP_9490_E_8321_ECP_50916_214804870_data,1,12.0,181.0,ECa,0,0.0,0.0,0.0,0.0,0.0,0.0,0.0,0.0,0.0,0.0,0.0,0,FN,False,,0.0,0.84,564.0
20230310_30000/DISP_6834_ECE_796_ECP_3228_152239645_data,1,129.0,247.0,DISP,0,0.0,0.0,0.0,0.0,0.0,0.0,0.0,0.0,0.0,0.0,0.0,0,FN,False,,0.0,0.9,709.0
20230310_65000/EC_2478_EC_2655_202549529_data,1,261.0,378.0,ECa,0,0.0,0.0,0.0,0.0,0.0,0.0,0.0,0.0,0.0,0.0,0.0,0,FN,False,,0.0,0.24,inf
20230310_5000/EC_1087_DISP_7984_SR_695_122443808_data,1,174.0,330.0,ECb,0,0.0,0.0,0.0,0.0,0.0,0.0,0.0,0.0,0.0,0.0,0.0,0,FN,False,,0.0,0.39,235.0
20230310_5000/EC_1087_DISP_7984_SR_695_122443808_data,1,396.0,542.0,DISP,0,0.0,0.0,0.0,0.0,0.0,0.0,0.0,0.0,0.0,0.0,0.0,1,FN,False,,0.0,0.34,235.0
20230310_60000/ECE_9438_E_12221_DISP_11333_19284074_data,1,774.0,942.0,DISP,0,0.0,0.0,0.0,0.0,0.0,0.0,0.0,0.0,0.0,0.0,0.0,2,FN,False,,0.0,0.6,76.0
20230310_15000/DISP_5835_EC_639_ECE_3480_EC_1362_133027835_data,1,96.0,174.0,DISP,0,0.0,0.0,0.0,0.0,0.0,0.0,0.0,0.0,0.0,0.0,0.0,0,FN,False,,0.0,0.64,979.0
20230310_30000/ECE_3327_E_9177_DISP_812_SR_537_155544437_data,1,633.0,712.0,DISP,0,0.0,0.0,0.0,0.0,0.0,0.0,0.0,0.0,0.0,0.0,0.0,2,FN,False,,0.0,0.85,790.0
20230310_80000/T_50284_DISP_6872_SR_251_223335256_data,1,339.0,446.0,DISP,0,0.0,0.0,0.0,0.0,0.0,0.0,0.0,0.0,0.0,0.0,0.0,1,FN,False,,0.0,0.77,904.0
20230310_50000/T_7110_ECE_12472_SR_1063_DISP_12228_182347750_data,1,660.0,741.0,DISP,0,0.0,0.0,0.0,0.0,0.0,0.0,0.0,0.0,0.0,0.0,0.0,3,FN,False,,0.0,0.72,586.0
20230310_40000/E_5938_EC_1952_DISP_7495_165650467_data,1,743.0,903.0,DISP,0,0.0,0.0,0.0,0.0,0.0,0.0,0.0,0.0,0.0,0.0,0.0,2,FN,False,,0.0,0.34,358.0
20230310_35000/EC_1271_EC_1479_DISP_5602_162420200_data,1,683.0,858.0,DISP,0,0.0,0.0,0.0,0.0,0.0,0.0,0.0,0.0,0.0,0.0,0.0,2,FN,False,,0.0,0.3,682.0
20230310_10000/EC_3016_EC_2140_DISP_1079_124407600_data,1,649.0,727.0,DISP,0,0.0,0.0,0.0,0.0,0.0,0.0,0.0,0.0,0.0,0.0,0.0,2,FN,False,,0.0,0.21,780.0
20230310_40000/E_9538_165111791_data,1,118.0,615.0,E,0,0.0,0.0,0.0,0.0,0.0,0.0,0.0,0.0,0.0,0.0,0.0,0,FN,False,,0.0,0.2,inf
20230310_5000/EC_1926_EC_1686_EC_1856_EC_2678_123736537_data,1,303.0,376.0,ECb,0,0.0,0.0,0.0,0.0,0.0,0.0,0.0,0.0,0.0,0.0,0.0,1,FN,False,,0.0,0.48,800.0
20230310_45000/T_50651_EC_2851_SR_1888_173025372_data,1,278.0,399.0,ECb,0,0.0,0.0,0.0,0.0,0.0,0.0,0.0,0.0,0.0,0.0,0.0,1,FN,False,,0.0,0.9,666.0
20230310_75000/T_3495_DISP_10474_221425562_data,1,324.0,656.0,DISP,0,0.0,0.0,0.0,0.0,0.0,0.0,0.0,0.0,0.0,0.0,0.0,1,FN,False,,0.0,0.88,404.0
20230310_65000/T_5562_EC_747_DISP_12511_DISP_11289_201013997_data,1,721.0,893.0,DISP,0,0.0,0.0,0.0,0.0,0.0,0.0,0.0,0.0,0.0,0.0,0.0,3,FN,False,,0.0,0.41,613.0
20230310_25000/CE_2943_E_5425_ECP_10807_150711777_data,1,701.0,875.0,ECP,0,0.0,0.0,0.0,0.0,0.0,0.0,0.0,0.0,0.0,0.0,0.0,2,FN,False,,0.0,0.44,498.0
20230310_40000/DISP_11152_SR_4249_EC_2986_CE_1458_165432579_data,1,519.0,658.0,ECa,0,0.0,0.0,0.0,0.0,0.0,0.0,0.0,0.0,0.0,0.0,0.0,2,FN,False,,0.0,0.55,273.0
20230310_5000/ECP_12300_EC_460_DISP_11289_12185426_data,1,611.0,850.0,DISP,0,0.0,0.0,0.0,0.0,0.0,0.0,0.0,0.0,0.0,0.0,0.0,2,FN,False,,0.0,0.65,6.0
20230310_10000/E_4113_DISP_3036_T_50953_13005493_data,1,512.0,825.0,DISP,0,0.0,0.0,0.0,0.0,0.0,0.0,0.0,0.0,0.0,0.0,0.0,1,FN,False,,0.0,0.8,155.0
20230310_50000/DISP_2242_EC_2690_DISP_3702_182812103_data,1,17.0,115.0,DISP,0,0.0,0.0,0.0,0.0,0.0,0.0,0.0,0.0,0.0,0.0,0.0,0,FN,False,,0.0,0.73,757.0
20230310_50000/DISP_2242_EC_2690_DISP_3702_182812103_data,1,568.0,818.0,ECa,0,0.0,0.0,0.0,0.0,0.0,0.0,0.0,0.0,0.0,0.0,0.0,1,FN,False,,0.0,0.49,757.0
20230310_45000/ECP_12461_EC_1449_ECE_3172_17433160_data,1,204.0,402.0,ECP,0,0.0,0.0,0.0,0.0,0.0,0.0,0.0,0.0,0.0,0.0,0.0,0,FN,False,,0.0,0.69,225.0
20230310_30000/DISP_4289_DISP_7848_EC_2406_DISP_1098_154105642_data,1,688.0,768.0,ECa,0,0.0,0.0,0.0,0.0,0.0,0.0,0.0,0.0,0.0,0.0,0.0,2,FN,False,,0.0,0.2,801.0
20230310_30000/DISP_4289_DISP_7848_EC_2406_DISP_1098_154105642_data,1,930.0,984.0,DISP,0,0.0,0.0,0.0,0.0,0.0,0.0,0.0,0.0,0.0,0.0,0.0,3,FN,False,,0.0,0.49,807.0
20230310_65000/DISP_2446_SR_2878_T_50981_202731616_data,1,107.0,314.0,DISP,0,0.0,0.0,0.0,0.0,0.0,0.0,0.0,0.0,0.0,0.0,0.0,0,FN,False,,0.0,0.42,248.0
20230310_40000/E_9348_DISP_9514_DISP_11590_E_8613_170017670_data,1,639.0,731.0,DISP,0,0.0,0.0,0.0,0.0,0.0,0.0,0.0,0.0,0.0,0.0,0.0,2,FN,False,,0.0,0.89,200.0
20230310_60000/DISP_8893_195922982_data,1,337.0,709.0,DISP,0,0.0,0.0,0.0,0.0,0.0,0.0,0.0,0.0,0.0,0.0,0.0,0,FN,False,,0.0,0.27,inf
20230310_30000/DISP_1196_DISP_8964_153135914_data,1,28.0,219.0,DISP,0,0.0,0.0,0.0,0.0,0.0,0.0,0.0,0.0,0.0,0.0,0.0,0,FN,False,,0.0,0.7,inf
20230310_30000/DISP_1196_DISP_8964_153135914_data,1,576.0,892.0,DISP,0,0.0,0.0,0.0,0.0,0.0,0.0,0.0,0.0,0.0,0.0,0.0,1,FN,False,,0.0,0.52,319.0
20230310_65000/ECP_11201_SR_2497_EC_2920_200832188_data,1,734.0,864.0,ECb,0,0.0,0.0,0.0,0.0,0.0,0.0,0.0,0.0,0.0,0.0,0.0,2,FN,False,,0.0,0.79,787.0
20230310_30000/T_50152_DISP_2892_E_2313_154331277_data,1,143.0,449.0,DISP,0,0.0,0.0,0.0,0.0,0.0,0.0,0.0,0.0,0.0,0.0,0.0,1,FN,False,,0.0,0.58,330.0
20230310_5000/DISP_6496_ECE_7463_E_1113_DISP_4918_123108537_data,1,763.0,840.0,DISP,0,0.0,0.0,0.0,0.0,0.0,0.0,0.0,0.0,0.0,0.0,0.0,3,FN,False,,0.0,0.74,687.0
20230310_5000/ECP_8818_T_50194_122257802_data,1,89.0,552.0,ECP,0,0.0,0.0,0.0,0.0,0.0,0.0,0.0,0.0,0.0,0.0,0.0,0,FN,False,,0.0,0.95,inf
20230310_75000/EC_851_ECE_9120_DISP_8208_E_11582_221353695_data,1,32.0,204.0,ECb,0,0.0,0.0,0.0,0.0,0.0,0.0,0.0,0.0,0.0,0.0,0.0,0,FN,False,,0.0,0.72,18.0
20230310_75000/EC_424_DISP_6906_220310227_data,1,234.0,434.0,ECb,0,0.0,0.0,0.0,0.0,0.0,0.0,0.0,0.0,0.0,0.0,0.0,0,FN,False,,0.0,0.48,inf
20230310_75000/EC_424_DISP_6906_220310227_data,1,501.0,708.0,DISP,0,0.0,0.0,0.0,0.0,0.0,0.0,0.0,0.0,0.0,0.0,0.0,1,FN,False,,0.0,0.51,201.0
20230310_30000/T_9413_DISP_9537_CE_5017_DISP_12512_153940356_data,1,711.0,857.0,DISP,0,0.0,0.0,0.0,0.0,0.0,0.0,0.0,0.0,0.0,0.0,0.0,3,FN,False,,0.0,0.83,538.0
20230310_55000/EC_292_EC_3396_19021429_data,1,25.0,146.0,ECb,0,0.0,0.0,0.0,0.0,0.0,0.0,0.0,0.0,0.0,0.0,0.0,0,FN,False,,0.0,0.78,inf
20230310_75000/T_6535_ECE_9064_EC_2896_EC_3436_221002878_data,1,62.0,193.0,ECE,0,0.0,0.0,0.0,0.0,0.0,0.0,0.0,0.0,0.0,0.0,0.0,1,FN,False,,0.0,0.64,81.0
20230310_75000/T_6535_ECE_9064_EC_2896_EC_3436_221002878_data,1,674.0,853.0,ECb,0,0.0,0.0,0.0,0.0,0.0,0.0,0.0,0.0,0.0,0.0,0.0,3,FN,False,,0.0,0.93,779.0
20230310_20000/EC_686_ECE_12831_T_50867_14034760_data,1,984.0,1000.0,T,0,0.0,0.0,0.0,0.0,0.0,0.0,0.0,0.0,0.0,0.0,0.0,2,FN,False,,0.0,0.37,778.0
20230310_60000/DISP_7114_EC_2227_CE_5450_T_51107_19300741_data,1,64.0,155.0,DISP,0,0.0,0.0,0.0,0.0,0.0,0.0,0.0,0.0,0.0,0.0,0.0,0,FN,False,,0.0,0.82,916.0
20230310_25000/EC_1831_EC_3062_SR_1058_151414518_data,1,317.0,611.0,ECa,0,0.0,0.0,0.0,0.0,0.0,0.0,0.0,0.0,0.0,0.0,0.0,1,FN,False,,0.0,0.68,183.0
20230310_50000/DISP_11289_T_7896_181051878_data,1,18.0,763.0,DISP,0,0.0,0.0,0.0,0.0,0.0,0.0,0.0,0.0,0.0,0.0,0.0,0,FN,False,,0.0,0.68,inf
20230310_60000/DISP_1842_194907169_data,1,138.0,623.0,DISP,0,0.0,0.0,0.0,0.0,0.0,0.0,0.0,0.0,0.0,0.0,0.0,0,FN,False,,0.0,0.37,inf
20230310_80000/T_3103_EC_3364_ECE_11542_EC_3364_224703175_data,1,704.0,779.0,ECb,0,0.0,0.0,0.0,0.0,0.0,0.0,0.0,0.0,0.0,0.0,0.0,3,FN,False,,0.0,0.68,783.0
20230310_60000/DISP_10448_DISP_9185_194730390_data,1,199.0,439.0,DISP,0,0.0,0.0,0.0,0.0,0.0,0.0,0.0,0.0,0.0,0.0,0.0,0,FN,False,,0.0,0.75,inf
20230310_45000/SR_4706_EC_1390_SR_4361_T_50638_174526547_data,1,310.0,497.0,ECb,0,0.0,0.0,0.0,0.0,0.0,0.0,0.0,0.0,0.0,0.0,0.0,1,FN,False,,0.0,0.41,119.0
20230310_30000/T_1024_EC_715_EC_3265_153724824_data,1,467.0,564.0,ECb,0,0.0,0.0,0.0,0.0,0.0,0.0,0.0,0.0,0.0,0.0,0.0,2,FN,False,,0.0,0.34,948.0
20230310_25000/CE_1941_EC_1053_E_5582_T_50854_150923642_data,1,417.0,599.0,ECa,0,0.0,0.0,0.0,0.0,0.0,0.0,0.0,0.0,0.0,0.0,0.0,1,FN,False,,0.0,0.95,4.0
20230310_35000/DISP_7850_164315640_data,1,506.0,964.0,DISP,0,0.0,0.0,0.0,0.0,0.0,0.0,0.0,0.0,0.0,0.0,0.0,0,FN,False,,0.0,0.49,inf
20230310_40000/SR_1698_EC_112_171756250_data,1,599.0,790.0,ECa,0,0.0,0.0,0.0,0.0,0.0,0.0,0.0,0.0,0.0,0.0,0.0,1,FN,False,,0.0,0.2,587.0
20230310_80000/EC_530_E_8340_ECP_12512_224018601_data,1,13.0,282.0,ECb,0,0.0,0.0,0.0,0.0,0.0,0.0,0.0,0.0,0.0,0.0,0.0,0,FN,False,,0.0,0.38,207.0
20230310_55000/ECP_50012_T_50759_192603572_data,1,105.0,512.0,ECP,0,0.0,0.0,0.0,0.0,0.0,0.0,0.0,0.0,0.0,0.0,0.0,0,FN,False,,0.0,0.51,inf
20230310_5000/ECE_3028_DISP_4092_ECP_10600_120415458_data,1,596.0,781.0,DISP,0,0.0,0.0,0.0,0.0,0.0,0.0,0.0,0.0,0.0,0.0,0.0,1,FN,False,,0.0,0.2,846.0
20230310_55000/CE_5281_E_3215_DISP_6631_192544253_data,1,695.0,846.0,DISP,0,0.0,0.0,0.0,0.0,0.0,0.0,0.0,0.0,0.0,0.0,0.0,2,FN,False,,0.0,0.74,456.0
20230310_25000/ECE_3990_DISP_4399_EC_1447_T_50478_14383854_data,1,367.0,453.0,DISP,0,0.0,0.0,0.0,0.0,0.0,0.0,0.0,0.0,0.0,0.0,0.0,1,FN,False,,0.0,0.5,742.0
20230310_50000/DISP_6131_EC_1613_T_50355_182504957_data,1,656.0,814.0,ECb,0,0.0,0.0,0.0,0.0,0.0,0.0,0.0,0.0,0.0,0.0,0.0,1,FN,False,,0.0,0.72,354.0
20230310_70000/EC_536_EC_2432_E_3287_EC_3136_2104179_data,1,15.0,203.0,ECb,0,0.0,0.0,0.0,0.0,0.0,0.0,0.0,0.0,0.0,0.0,0.0,0,FN,False,,0.0,0.26,590.0
20230310_5000/E_2817_E_6071_DISP_1325_T_50217_122152512_data,1,595.0,729.0,DISP,0,0.0,0.0,0.0,0.0,0.0,0.0,0.0,0.0,0.0,0.0,0.0,2,FN,False,,0.0,0.83,44.0
20230310_5000/EC_2081_ECE_3901_ECE_6967_T_50252_12013026_data,1,5.0,201.0,ECa,0,0.0,0.0,0.0,0.0,0.0,0.0,0.0,0.0,0.0,0.0,0.0,0,FN,False,,0.0,0.6,63.0
20230310_45000/EC_835_EC_1921_EC_1824_EC_2750_172434392_data,1,230.0,328.0,ECa,0,0.0,0.0,0.0,0.0,0.0,0.0,0.0,0.0,0.0,0.0,0.0,1,FN,False,,0.0,0.32,205.0
20230310_35000/ECE_9281_EC_3232_EC_335_161945370_data,1,417.0,529.0,ECa,0,0.0,0.0,0.0,0.0,0.0,0.0,0.0,0.0,0.0,0.0,0.0,1,FN,False,,0.0,0.79,94.0
20230310_10000/SR_1579_ECE_1596_CE_1813_EC_2182_125648272_data,1,829.0,935.0,ECa,0,0.0,0.0,0.0,0.0,0.0,0.0,0.0,0.0,0.0,0.0,0.0,3,FN,False,,0.0,0.98,954.0
20230310_55000/SR_3810_SR_4911_DISP_6898_185145260_data,1,741.0,943.0,DISP,0,0.0,0.0,0.0,0.0,0.0,0.0,0.0,0.0,0.0,0.0,0.0,2,FN,False,,0.0,0.7,125.0
20230310_25000/T_50132_DISP_4013_EC_2911_14483578_data,1,109.0,293.0,DISP,0,0.0,0.0,0.0,0.0,0.0,0.0,0.0,0.0,0.0,0.0,0.0,1,FN,False,,0.0,0.53,89.0
20230310_55000/ECE_12072_E_11751_ECE_11655_DISP_10327_191438218_data,1,814.0,902.0,DISP,0,0.0,0.0,0.0,0.0,0.0,0.0,0.0,0.0,0.0,0.0,0.0,3,FN,False,,0.0,0.47,268.0
20230310_5000/E_3950_EC_2749_DISP_5665_EC_2555_120713836_data,1,420.0,533.0,ECb,0,0.0,0.0,0.0,0.0,0.0,0.0,0.0,0.0,0.0,0.0,0.0,1,FN,False,,0.0,0.51,47.0
20230310_5000/E_3950_EC_2749_DISP_5665_EC_2555_120713836_data,1,543.0,637.0,DISP,0,0.0,0.0,0.0,0.0,0.0,0.0,0.0,0.0,0.0,0.0,0.0,2,FN,False,,0.0,0.23,47.0
20230310_15000/ECP_11108_E_4540_135437950_data,1,262.0,466.0,ECP,0,0.0,0.0,0.0,0.0,0.0,0.0,0.0,0.0,0.0,0.0,0.0,0,FN,False,,0.0,0.37,inf
20230310_75000/T_5584_EC_3394_EC_2950_220604879_data,1,920.0,990.0,ECa,0,0.0,0.0,0.0,0.0,0.0,0.0,0.0,0.0,0.0,0.0,0.0,2,FN,False,,0.0,0.83,705.0
20230310_35000/EC_187_SR_4247_162133353_data,1,16.0,121.0,ECb,0,0.0,0.0,0.0,0.0,0.0,0.0,0.0,0.0,0.0,0.0,0.0,0,FN,False,,0.0,0.98,inf
20230310_25000/E_5318_SR_289_DISP_6578_144710573_data,1,666.0,865.0,DISP,0,0.0,0.0,0.0,0.0,0.0,0.0,0.0,0.0,0.0,0.0,0.0,2,FN,False,,0.0,0.31,247.0
20230310_60000/CE_5145_DISP_2513_T_50393_19354591_data,1,560.0,806.0,DISP,0,0.0,0.0,0.0,0.0,0.0,0.0,0.0,0.0,0.0,0.0,0.0,1,FN,False,,0.0,0.2,438.0
20230310_80000/SR_2941_E_513_SR_521_EC_2074_223909189_data,1,736.0,900.0,ECa,0,0.0,0.0,0.0,0.0,0.0,0.0,0.0,0.0,0.0,0.0,0.0,3,FN,False,,0.0,0.3,242.0
20230310_45000/DISP_1568_EC_1733_T_50497_175234910_data,1,619.0,771.0,ECb,0,0.0,0.0,0.0,0.0,0.0,0.0,0.0,0.0,0.0,0.0,0.0,1,FN,False,,0.0,0.34,911.0
20230310_15000/EC_297_E_9983_SR_3185_DISP_8025_133936826_data,1,676.0,857.0,DISP,0,0.0,0.0,0.0,0.0,0.0,0.0,0.0,0.0,0.0,0.0,0.0,3,FN,False,,0.0,0.97,424.0
20230310_15000/EC_2881_EC_1612_133052450_data,1,218.0,474.0,ECa,0,0.0,0.0,0.0,0.0,0.0,0.0,0.0,0.0,0.0,0.0,0.0,0,FN,False,,0.0,0.97,inf
20230310_40000/EC_1047_E_6383_EC_539_165711666_data,1,766.0,964.0,ECa,0,0.0,0.0,0.0,0.0,0.0,0.0,0.0,0.0,0.0,0.0,0.0,2,FN,False,,0.0,0.23,115.0
20230310_35000/T_5560_DISP_11810_DISP_9938_160715554_data,1,189.0,406.0,DISP,0,0.0,0.0,0.0,0.0,0.0,0.0,0.0,0.0,0.0,0.0,0.0,1,FN,False,,0.0,0.79,62.0
20230310_30000/ECE_11415_155505688_data,1,112.0,578.0,ECE,0,0.0,0.0,0.0,0.0,0.0,0.0,0.0,0.0,0.0,0.0,0.0,0,FN,False,,0.0,0.21,inf
20230310_5000/E_9123_EC_3272_EC_3333_ECP_12143_122945824_data,1,768.0,851.0,ECb,0,0.0,0.0,0.0,0.0,0.0,0.0,0.0,0.0,0.0,0.0,0.0,2,FN,False,,0.0,0.76,881.0
20230310_35000/SR_112_T_50157_1614326_data,1,868.0,1000.0,T,0,0.0,0.0,0.0,0.0,0.0,0.0,0.0,0.0,0.0,0.0,0.0,1,FN,False,,0.0,0.3,21.0
20230310_60000/E_7486_DISP_1591_DISP_5808_EC_2791_195142361_data,1,629.0,724.0,DISP,0,0.0,0.0,0.0,0.0,0.0,0.0,0.0,0.0,0.0,0.0,0.0,2,FN,False,,0.0,0.2,842.0
20230310_60000/E_7486_DISP_1591_DISP_5808_EC_2791_195142361_data,1,815.0,993.0,ECb,0,0.0,0.0,0.0,0.0,0.0,0.0,0.0,0.0,0.0,0.0,0.0,3,FN,False,,0.0,0.27,479.0
20230310_50000/EC_3371_ECP_10415_182811353_data,1,319.0,491.0,ECa,0,0.0,0.0,0.0,0.0,0.0,0.0,0.0,0.0,0.0,0.0,0.0,0,FN,False,,0.0,0.44,inf
20230310_10000/T_50098_ECE_5576_DISP_10387_DISP_9441_130645383_data,1,0.0,44.0,T,0,0.0,0.0,0.0,0.0,0.0,0.0,0.0,0.0,0.0,0.0,0.0,0,FN,False,,0.0,0.43,597.0
20230310_40000/SR_1978_DISP_7335_DISP_642_ECP_10807_164811143_data,1,712.0,880.0,ECP,0,0.0,0.0,0.0,0.0,0.0,0.0,0.0,0.0,0.0,0.0,0.0,3,FN,False,,0.0,0.44,607.0
20230310_70000/DISP_9673_CE_5194_ECE_9962_205724853_data,1,172.0,370.0,DISP,0,0.0,0.0,0.0,0.0,0.0,0.0,0.0,0.0,0.0,0.0,0.0,0,FN,False,,0.0,0.7,682.0
20230310_10000/DISP_2167_130526661_data,1,586.0,864.0,DISP,0,0.0,0.0,0.0,0.0,0.0,0.0,0.0,0.0,0.0,0.0,0.0,0,FN,False,,0.0,0.96,inf
20230310_40000/SR_1132_ECE_2374_EC_2795_170621389_data,1,764.0,988.0,ECb,0,0.0,0.0,0.0,0.0,0.0,0.0,0.0,0.0,0.0,0.0,0.0,2,FN,False,,0.0,0.42,580.0
20230310_25000/EC_1984_ECE_3321_ECP_2450_143813715_data,1,735.0,904.0,ECP,0,0.0,0.0,0.0,0.0,0.0,0.0,0.0,0.0,0.0,0.0,0.0,2,FN,False,,0.0,0.44,477.0
20230310_45000/EC_2743_E_5738_175209646_data,1,53.0,517.0,ECb,0,0.0,0.0,0.0,0.0,0.0,0.0,0.0,0.0,0.0,0.0,0.0,0,FN,False,,0.0,0.97,inf
20230310_55000/E_8456_EC_2960_CE_1260_184634985_data,1,22.0,226.0,E,0,0.0,0.0,0.0,0.0,0.0,0.0,0.0,0.0,0.0,0.0,0.0,0,FN,False,,0.0,0.27,151.0
20230310_55000/E_8456_EC_2960_CE_1260_184634985_data,1,260.0,381.0,ECa,0,0.0,0.0,0.0,0.0,0.0,0.0,0.0,0.0,0.0,0.0,0.0,1,FN,False,,0.0,0.31,151.0
20230310_35000/DISP_10779_163309648_data,1,61.0,264.0,DISP,0,0.0,0.0,0.0,0.0,0.0,0.0,0.0,0.0,0.0,0.0,0.0,0,FN,False,,0.0,0.67,inf
20230310_15000/E_9912_SR_4132_DISP_10253_T_5339_133526174_data,1,13.0,240.0,E,0,0.0,0.0,0.0,0.0,0.0,0.0,0.0,0.0,0.0,0.0,0.0,0,FN,False,,0.0,0.42,744.0
20230310_75000/DISP_10132_ECE_12902_E_11212_DISP_12956_220348856_data,1,842.0,990.0,DISP,0,0.0,0.0,0.0,0.0,0.0,0.0,0.0,0.0,0.0,0.0,0.0,3,FN,False,,0.0,0.4,878.0
20230310_5000/SR_3115_EC_611_ECE_1445_DISP_5839_122539897_data,1,739.0,900.0,DISP,0,0.0,0.0,0.0,0.0,0.0,0.0,0.0,0.0,0.0,0.0,0.0,3,FN,False,,0.0,0.21,644.0
20230310_80000/EC_348_EC_2152_ECE_3521_224232821_data,1,461.0,597.0,ECb,0,0.0,0.0,0.0,0.0,0.0,0.0,0.0,0.0,0.0,0.0,0.0,1,FN,False,,0.0,0.92,977.0
20230310_65000/EC_3405_DISP_2515_DISP_3328_201558556_data,1,560.0,658.0,DISP,0,0.0,0.0,0.0,0.0,0.0,0.0,0.0,0.0,0.0,0.0,0.0,2,FN,False,,0.0,0.38,113.0
20230310_55000/E_2474_DISP_5902_EC_1575_185151238_data,1,582.0,731.0,DISP,0,0.0,0.0,0.0,0.0,0.0,0.0,0.0,0.0,0.0,0.0,0.0,1,FN,False,,0.0,0.77,512.0
20230310_75000/T_3956_DISP_11731_E_8799_EC_450_220618581_data,1,713.0,879.0,ECb,0,0.0,0.0,0.0,0.0,0.0,0.0,0.0,0.0,0.0,0.0,0.0,3,FN,False,,0.0,0.32,773.0
20230310_35000/ECE_3954_SR_2242_DISP_5988_EC_1855_163727465_data,1,514.0,599.0,DISP,0,0.0,0.0,0.0,0.0,0.0,0.0,0.0,0.0,0.0,0.0,0.0,2,FN,False,,0.0,0.35,867.0
20230310_20000/ECP_2828_E_1408_T_51036_141814677_data,1,947.0,1000.0,T,0,0.0,0.0,0.0,0.0,0.0,0.0,0.0,0.0,0.0,0.0,0.0,2,FN,False,,0.0,0.48,272.0
20230310_20000/ECP_11908_ECE_12228_DISP_9743_142648917_data,1,719.0,852.0,DISP,0,0.0,0.0,0.0,0.0,0.0,0.0,0.0,0.0,0.0,0.0,0.0,2,FN,False,,0.0,0.23,437.0
20230310_75000/SR_1748_CE_3085_E_2999_215039770_data,1,691.0,935.0,E,0,0.0,0.0,0.0,0.0,0.0,0.0,0.0,0.0,0.0,0.0,0.0,2,FN,False,,0.0,0.23,15.0
20230310_80000/DISP_12292_E_8503_22321272_data,1,137.0,354.0,DISP,0,0.0,0.0,0.0,0.0,0.0,0.0,0.0,0.0,0.0,0.0,0.0,0,FN,False,,0.0,0.85,inf
20230310_80000/EC_2058_DISP_415_DISP_9065_T_51129_223031949_data,1,506.0,687.0,DISP,0,0.0,0.0,0.0,0.0,0.0,0.0,0.0,0.0,0.0,0.0,0.0,1,FN,False,,0.0,0.89,43.0
20230310_60000/ECP_51871_DISP_5608_EC_2627_193030409_data,1,607.0,836.0,DISP,0,0.0,0.0,0.0,0.0,0.0,0.0,0.0,0.0,0.0,0.0,0.0,1,FN,False,,0.0,1.0,902.0
20230310_60000/ECP_51871_DISP_5608_EC_2627_193030409_data,1,887.0,974.0,ECa,0,0.0,0.0,0.0,0.0,0.0,0.0,0.0,0.0,0.0,0.0,0.0,2,FN,False,,0.0,0.49,154.0
20230310_80000/E_11463_E_11552_SR_4815_E_11902_222331374_data,1,827.0,996.0,E,0,0.0,0.0,0.0,0.0,0.0,0.0,0.0,0.0,0.0,0.0,0.0,3,FN,False,,0.0,0.61,427.0
20230310_70000/EC_987_ECE_7179_212229562_data,1,35.0,135.0,ECb,0,0.0,0.0,0.0,0.0,0.0,0.0,0.0,0.0,0.0,0.0,0.0,0,FN,False,,0.0,0.48,inf
20230310_20000/EC_1574_ECE_434_141926426_data,1,10.0,74.0,ECb,0,0.0,0.0,0.0,0.0,0.0,0.0,0.0,0.0,0.0,0.0,0.0,0,FN,False,,0.0,0.87,inf
20230310_65000/EC_1515_EC_1353_202646901_data,1,156.0,327.0,ECb,0,0.0,0.0,0.0,0.0,0.0,0.0,0.0,0.0,0.0,0.0,0.0,0,FN,False,,0.0,0.49,inf
20230310_60000/DISP_10061_EC_3119_ECP_52003_195616863_data,1,23.0,282.0,DISP,0,0.0,0.0,0.0,0.0,0.0,0.0,0.0,0.0,0.0,0.0,0.0,0,FN,False,,0.0,0.6,689.0
20230310_35000/EC_2817_ECE_4761_E_4381_160510225_data,1,56.0,147.0,ECa,0,0.0,0.0,0.0,0.0,0.0,0.0,0.0,0.0,0.0,0.0,0.0,0,FN,False,,0.0,0.21,568.0
20230310_50000/SR_628_DISP_8038_180713987_data,1,729.0,913.0,DISP,0,0.0,0.0,0.0,0.0,0.0,0.0,0.0,0.0,0.0,0.0,0.0,1,FN,False,,0.0,0.26,364.0
20230310_45000/DISP_7255_CE_5411_DISP_7440_SR_1132_172712887_data,1,114.0,206.0,DISP,0,0.0,0.0,0.0,0.0,0.0,0.0,0.0,0.0,0.0,0.0,0.0,0,FN,False,,0.0,0.61,482.0
20230310_60000/DISP_9019_ECE_12741_EC_3206_EC_516_193421788_data,1,800.0,886.0,ECa,0,0.0,0.0,0.0,0.0,0.0,0.0,0.0,0.0,0.0,0.0,0.0,3,FN,False,,0.0,0.28,517.0
20230310_60000/CE_3508_E_5270_DISP_9325_DISP_6041_195634167_data,1,791.0,880.0,DISP,0,0.0,0.0,0.0,0.0,0.0,0.0,0.0,0.0,0.0,0.0,0.0,3,FN,False,,0.0,0.66,453.0
20230310_35000/ECE_9809_DISP_4393_DISP_8147_162022252_data,1,776.0,960.0,DISP,0,0.0,0.0,0.0,0.0,0.0,0.0,0.0,0.0,0.0,0.0,0.0,2,FN,False,,0.0,0.78,498.0
20230310_25000/SR_865_EC_695_DISP_6644_ECE_9306_145718682_data,1,397.0,498.0,ECa,0,0.0,0.0,0.0,0.0,0.0,0.0,0.0,0.0,0.0,0.0,0.0,1,FN,False,,0.0,0.78,338.0
20230310_25000/EC_889_EC_1161_144444623_data,1,589.0,737.0,ECb,0,0.0,0.0,0.0,0.0,0.0,0.0,0.0,0.0,0.0,0.0,0.0,1,FN,False,,0.0,0.9,623.0
20230310_40000/SR_3164_SR_8_DISP_6338_164959350_data,1,600.0,710.0,DISP,0,0.0,0.0,0.0,0.0,0.0,0.0,0.0,0.0,0.0,0.0,0.0,2,FN,False,,0.0,0.8,377.0
20230310_60000/T_7036_ECE_10987_DISP_8193_194504548_data,1,929.0,993.0,DISP,0,0.0,0.0,0.0,0.0,0.0,0.0,0.0,0.0,0.0,0.0,0.0,2,FN,False,,0.0,0.75,655.0
20230310_45000/EC_907_T_50897_175110337_data,1,21.0,595.0,ECb,0,0.0,0.0,0.0,0.0,0.0,0.0,0.0,0.0,0.0,0.0,0.0,0,FN,False,,0.0,0.31,inf
20230310_70000/ECP_51000_T_50447_210743304_data,1,47.0,609.0,ECP,0,0.0,0.0,0.0,0.0,0.0,0.0,0.0,0.0,0.0,0.0,0.0,0,FN,False,,0.0,0.3,inf
20230310_25000/SR_3422_DISP_109_E_985_CE_4631_150852325_data,1,273.0,372.0,DISP,0,0.0,0.0,0.0,0.0,0.0,0.0,0.0,0.0,0.0,0.0,0.0,1,FN,False,,0.0,0.82,21.0
20230310_20000/EC_854_DISP_1990_141834922_data,1,486.0,776.0,DISP,0,0.0,0.0,0.0,0.0,0.0,0.0,0.0,0.0,0.0,0.0,0.0,1,FN,False,,0.0,0.66,192.0
20230310_65000/E_12527_SR_1063_DISP_10474_EC_379_20075218_data,1,515.0,612.0,DISP,0,0.0,0.0,0.0,0.0,0.0,0.0,0.0,0.0,0.0,0.0,0.0,2,FN,False,,0.0,0.96,662.0
20230310_50000/T_50976_18334256_data,1,972.0,1000.0,T,0,0.0,0.0,0.0,0.0,0.0,0.0,0.0,0.0,0.0,0.0,0.0,0,FN,False,,0.0,0.24,inf
20230310_75000/DISP_11734_DISP_6823_EC_2019_214546609_data,1,32.0,131.0,DISP,0,0.0,0.0,0.0,0.0,0.0,0.0,0.0,0.0,0.0,0.0,0.0,0,FN,False,,0.0,0.31,154.0
20230310_75000/DISP_11734_DISP_6823_EC_2019_214546609_data,1,187.0,368.0,DISP,0,0.0,0.0,0.0,0.0,0.0,0.0,0.0,0.0,0.0,0.0,0.0,1,FN,False,,0.0,0.2,154.0
20230310_25000/E_5791_EC_3366_EC_2558_EC_1754_145943882_data,1,479.0,704.0,ECb,0,0.0,0.0,0.0,0.0,0.0,0.0,0.0,0.0,0.0,0.0,0.0,2,FN,False,,0.0,0.24,351.0
20230310_70000/EC_1785_EC_2511_DISP_7922_211012359_data,1,13.0,188.0,ECb,0,0.0,0.0,0.0,0.0,0.0,0.0,0.0,0.0,0.0,0.0,0.0,0,FN,False,,0.0,0.41,422.0
20230310_35000/EC_2895_EC_614_T_688_163717813_data,1,10.0,73.0,ECb,0,0.0,0.0,0.0,0.0,0.0,0.0,0.0,0.0,0.0,0.0,0.0,0,FN,False,,0.0,0.23,955.0
20230310_50000/DISP_11503_DISP_8194_EC_3174_180321997_data,1,669.0,845.0,DISP,0,0.0,0.0,0.0,0.0,0.0,0.0,0.0,0.0,0.0,0.0,0.0,1,FN,False,,0.0,0.41,513.0
20230310_50000/DISP_11503_DISP_8194_EC_3174_180321997_data,1,924.0,987.0,ECa,0,0.0,0.0,0.0,0.0,0.0,0.0,0.0,0.0,0.0,0.0,0.0,2,FN,False,,0.0,0.31,275.0
20230310_50000/CE_4286_ECE_491_ECE_10705_181854724_data,1,824.0,978.0,ECE,0,0.0,0.0,0.0,0.0,0.0,0.0,0.0,0.0,0.0,0.0,0.0,2,FN,False,,0.0,0.3,957.0
20230310_25000/DISP_7203_EC_977_ECE_10691_EC_352_145906951_data,1,22.0,72.0,DISP,0,0.0,0.0,0.0,0.0,0.0,0.0,0.0,0.0,0.0,0.0,0.0,0,FN,False,,0.0,0.47,728.0
20230310_30000/EC_1856_152226692_data,1,48.0,534.0,ECa,0,0.0,0.0,0.0,0.0,0.0,0.0,0.0,0.0,0.0,0.0,0.0,0,FN,False,,0.0,0.69,inf
20230310_70000/EC_3308_ECE_9770_SR_4815_SR_4815_211747654_data,1,142.0,264.0,ECb,0,0.0,0.0,0.0,0.0,0.0,0.0,0.0,0.0,0.0,0.0,0.0,0,FN,False,,0.0,0.22,372.0
20230310_40000/ECE_11356_EC_3063_E_513_T_50020_171108979_data,1,321.0,536.0,ECa,0,0.0,0.0,0.0,0.0,0.0,0.0,0.0,0.0,0.0,0.0,0.0,1,FN,False,,0.0,0.43,246.0
20230310_20000/ECE_5702_ECE_5840_E_5939_SR_3153_135907404_data,1,676.0,832.0,E,0,0.0,0.0,0.0,0.0,0.0,0.0,0.0,0.0,0.0,0.0,0.0,2,FN,False,,0.0,0.5,484.0
20230310_25000/DISP_10617_EC_387_15010547_data,1,22.0,128.0,DISP,0,0.0,0.0,0.0,0.0,0.0,0.0,0.0,0.0,0.0,0.0,0.0,0,FN,False,,0.0,0.64,inf
20230310_5000/DISP_5115_E_2581_DISP_5241_DISP_2453_121617526_data,1,596.0,673.0,DISP,0,0.0,0.0,0.0,0.0,0.0,0.0,0.0,0.0,0.0,0.0,0.0,2,FN,False,,0.0,0.51,990.0
20230310_50000/ECP_1249_181443412_data,1,26.0,810.0,ECP,0,0.0,0.0,0.0,0.0,0.0,0.0,0.0,0.0,0.0,0.0,0.0,0,FN,False,,0.0,0.36,inf
20230310_35000/EC_2535_EC_1003_161726182_data,1,139.0,272.0,ECb,0,0.0,0.0,0.0,0.0,0.0,0.0,0.0,0.0,0.0,0.0,0.0,0,FN,False,,0.0,0.4,inf
20230310_20000/DISP_2928_EC_984_141735791_data,1,325.0,619.0,DISP,0,0.0,0.0,0.0,0.0,0.0,0.0,0.0,0.0,0.0,0.0,0.0,0,FN,False,,0.0,0.42,inf
20230310_20000/DISP_2928_EC_984_141735791_data,1,671.0,859.0,ECa,0,0.0,0.0,0.0,0.0,0.0,0.0,0.0,0.0,0.0,0.0,0.0,1,FN,False,,0.0,0.76,129.0
20230310_80000/T_50426_DISP_4375_E_5158_224818116_data,1,66.0,192.0,DISP,0,0.0,0.0,0.0,0.0,0.0,0.0,0.0,0.0,0.0,0.0,0.0,1,FN,False,,0.0,0.43,9.0
20230310_15000/T_50058_SR_1404_DISP_7007_DISP_8210_132606783_data,1,388.0,543.0,DISP,0,0.0,0.0,0.0,0.0,0.0,0.0,0.0,0.0,0.0,0.0,0.0,2,FN,False,,0.0,0.78,774.0
20230310_30000/DISP_10380_EC_2872_DISP_2606_SR_1058_152228721_data,1,105.0,269.0,DISP,0,0.0,0.0,0.0,0.0,0.0,0.0,0.0,0.0,0.0,0.0,0.0,0,FN,False,,0.0,0.94,442.0
20230310_50000/EC_3426_182718398_data,1,497.0,782.0,ECa,0,0.0,0.0,0.0,0.0,0.0,0.0,0.0,0.0,0.0,0.0,0.0,0,FN,False,,0.0,0.6,inf
20230310_20000/SR_1578_EC_327_SR_3969_EC_201_141104339_data,1,306.0,384.0,ECb,0,0.0,0.0,0.0,0.0,0.0,0.0,0.0,0.0,0.0,0.0,0.0,1,FN,False,,0.0,0.67,445.0
20230310_35000/T_3988_EC_655_EC_88_ECP_10827_163213964_data,1,372.0,760.0,ECa,0,0.0,0.0,0.0,0.0,0.0,0.0,0.0,0.0,0.0,0.0,0.0,2,FN,False,,0.0,0.9,242.0
20230310_60000/T_50958_194534810_data,1,1.0,1000.0,T,0,0.0,0.0,0.0,0.0,0.0,0.0,0.0,0.0,0.0,0.0,0.0,0,FN,False,,0.0,0.29,inf
20230310_70000/CE_253_DISP_8063_DISP_9620_210000542_data,1,711.0,836.0,DISP,0,0.0,0.0,0.0,0.0,0.0,0.0,0.0,0.0,0.0,0.0,0.0,2,FN,False,,0.0,0.75,222.0
20230310_10000/ECP_3571_EC_2146_SR_3707_E_2096_125735434_data,1,263.0,361.0,ECb,0,0.0,0.0,0.0,0.0,0.0,0.0,0.0,0.0,0.0,0.0,0.0,1,FN,False,,0.0,0.74,565.0
20230310_60000/EC_2381_DISP_4263_SR_1152_ECE_1389_200135998_data,1,10.0,57.0,ECb,0,0.0,0.0,0.0,0.0,0.0,0.0,0.0,0.0,0.0,0.0,0.0,0,FN,False,,0.0,0.69,801.0
20230310_65000/T_50791_CE_1336_E_12871_EC_317_20273871_data,1,170.0,416.0,ECa,0,0.0,0.0,0.0,0.0,0.0,0.0,0.0,0.0,0.0,0.0,0.0,1,FN,False,,0.0,0.65,367.0
20230310_45000/EC_1504_DISP_9943_T_50098_175325728_data,1,549.0,717.0,DISP,0,0.0,0.0,0.0,0.0,0.0,0.0,0.0,0.0,0.0,0.0,0.0,1,FN,False,,0.0,0.47,210.0
20230310_15000/T_4089_DISP_9530_ECE_9221_135550892_data,1,144.0,375.0,DISP,0,0.0,0.0,0.0,0.0,0.0,0.0,0.0,0.0,0.0,0.0,0.0,1,FN,False,,0.0,0.24,148.0
20230310_20000/EC_330_141304422_data,1,487.0,754.0,ECa,0,0.0,0.0,0.0,0.0,0.0,0.0,0.0,0.0,0.0,0.0,0.0,0,FN,False,,0.0,0.5,inf
20230310_80000/DISP_1479_CE_98_223605451_data,1,295.0,503.0,DISP,0,0.0,0.0,0.0,0.0,0.0,0.0,0.0,0.0,0.0,0.0,0.0,0,FN,False,,0.0,0.85,inf
20230310_15000/EC_2477_ECE_5238_EC_1377_DISP_3822_132538277_data,1,537.0,637.0,ECb,0,0.0,0.0,0.0,0.0,0.0,0.0,0.0,0.0,0.0,0.0,0.0,2,FN,False,,0.0,0.35,297.0
20230310_15000/EC_2477_ECE_5238_EC_1377_DISP_3822_132538277_data,1,671.0,860.0,DISP,0,0.0,0.0,0.0,0.0,0.0,0.0,0.0,0.0,0.0,0.0,0.0,3,FN,False,,0.0,0.46,208.0
20230310_80000/SR_2207_EC_714_EC_527_222717470_data,1,675.0,918.0,ECa,0,0.0,0.0,0.0,0.0,0.0,0.0,0.0,0.0,0.0,0.0,0.0,2,FN,False,,0.0,0.39,423.0
20230310_60000/DISP_11821_ECP_8125_194424581_data,1,62.0,261.0,DISP,0,0.0,0.0,0.0,0.0,0.0,0.0,0.0,0.0,0.0,0.0,0.0,0,FN,False,,0.0,0.42,inf
20230310_35000/E_12701_ECE_9181_DISP_10755_164050493_data,1,923.0,984.0,DISP,0,0.0,0.0,0.0,0.0,0.0,0.0,0.0,0.0,0.0,0.0,0.0,2,FN,False,,0.0,0.51,436.0
20230310_25000/T_9918_EC_16_ECE_9051_143808498_data,1,275.0,421.0,ECb,0,0.0,0.0,0.0,0.0,0.0,0.0,0.0,0.0,0.0,0.0,0.0,1,FN,False,,0.0,0.23,871.0
20230310_65000/EC_187_EC_3426_EC_74_20515460_data,1,6.0,41.0,ECb,0,0.0,0.0,0.0,0.0,0.0,0.0,0.0,0.0,0.0,0.0,0.0,0,FN,False,,0.0,0.68,860.0
20230310_25000/DISP_2661_EC_1602_EC_2559_T_50269_145743147_data,1,435.0,679.0,ECb,0,0.0,0.0,0.0,0.0,0.0,0.0,0.0,0.0,0.0,0.0,0.0,1,FN,False,,0.0,0.47,195.0
20230310_55000/SR_3489_EC_1000_ECE_1322_SR_1514_191156607_data,1,305.0,373.0,ECb,0,0.0,0.0,0.0,0.0,0.0,0.0,0.0,0.0,0.0,0.0,0.0,1,FN,False,,0.0,0.98,457.0
20230310_55000/SR_3489_EC_1000_ECE_1322_SR_1514_191156607_data,1,542.0,743.0,ECE,0,0.0,0.0,0.0,0.0,0.0,0.0,0.0,0.0,0.0,0.0,0.0,2,FN,False,,0.0,0.71,896.0
20230310_60000/ECE_50_DISP_3421_T_50416_200002624_data,1,650.0,892.0,DISP,0,0.0,0.0,0.0,0.0,0.0,0.0,0.0,0.0,0.0,0.0,0.0,1,FN,False,,0.0,0.3,6.0
20230310_25000/ECE_6663_DISP_5458_EC_527_EC_1626_144942742_data,1,738.0,824.0,ECb,0,0.0,0.0,0.0,0.0,0.0,0.0,0.0,0.0,0.0,0.0,0.0,3,FN,False,,0.0,0.23,153.0
20230310_5000/CE_4240_CE_4729_EC_7_120950137_data,1,796.0,869.0,ECb,0,0.0,0.0,0.0,0.0,0.0,0.0,0.0,0.0,0.0,0.0,0.0,2,FN,False,,0.0,0.21,38.0
20230310_50000/DISP_10611_DISP_11655_183150813_data,1,545.0,826.0,DISP,0,0.0,0.0,0.0,0.0,0.0,0.0,0.0,0.0,0.0,0.0,0.0,1,FN,False,,0.0,0.88,474.0
20230310_65000/SR_2204_DISP_8504_E_7034_DISP_2343_202327814_data,1,562.0,711.0,E,0,0.0,0.0,0.0,0.0,0.0,0.0,0.0,0.0,0.0,0.0,0.0,2,FN,False,,0.0,0.26,24.0
20230310_65000/SR_2204_DISP_8504_E_7034_DISP_2343_202327814_data,1,767.0,887.0,DISP,0,0.0,0.0,0.0,0.0,0.0,0.0,0.0,0.0,0.0,0.0,0.0,3,FN,False,,0.0,0.24,246.0
20230310_65000/ECP_5026_CE_5476_ECE_8833_DISP_2391_204813741_data,1,852.0,931.0,DISP,0,0.0,0.0,0.0,0.0,0.0,0.0,0.0,0.0,0.0,0.0,0.0,3,FN,False,,0.0,0.36,665.0
20230310_65000/EC_2104_T_50981_204954396_data,1,903.0,1000.0,T,0,0.0,0.0,0.0,0.0,0.0,0.0,0.0,0.0,0.0,0.0,0.0,1,FN,False,,0.0,0.81,181.0
20230310_30000/DISP_109_ECP_7833_154436860_data,1,198.0,417.0,DISP,0,0.0,0.0,0.0,0.0,0.0,0.0,0.0,0.0,0.0,0.0,0.0,0,FN,False,,0.0,1.0,inf
20230310_40000/EC_1455_EC_2763_SR_3972_ECP_1560_165839805_data,1,428.0,524.0,ECa,0,0.0,0.0,0.0,0.0,0.0,0.0,0.0,0.0,0.0,0.0,0.0,1,FN,False,,0.0,0.35,452.0
20230310_70000/CE_3524_SR_3235_DISP_4119_21201262_data,1,819.0,944.0,DISP,0,0.0,0.0,0.0,0.0,0.0,0.0,0.0,0.0,0.0,0.0,0.0,2,FN,False,,0.0,0.96,179.0
20230310_75000/DISP_8624_E_12156_EC_189_E_8763_215023484_data,1,417.0,611.0,ECa,0,0.0,0.0,0.0,0.0,0.0,0.0,0.0,0.0,0.0,0.0,0.0,2,FN,False,,0.0,0.24,985.0
20230310_60000/DISP_9537_E_8615_T_5570_20052212_data,1,141.0,354.0,DISP,0,0.0,0.0,0.0,0.0,0.0,0.0,0.0,0.0,0.0,0.0,0.0,0,FN,False,,0.0,0.92,917.0
20230310_40000/SR_1677_E_3187_ECE_2628_CE_5572_165815695_data,1,742.0,953.0,ECb,0,0.0,0.0,0.0,0.0,0.0,0.0,0.0,0.0,0.0,0.0,0.0,3,FN,False,,0.0,0.94,545.0
20230310_25000/DISP_8538_DISP_8038_T_50752_150542352_data,1,641.0,802.0,DISP,0,0.0,0.0,0.0,0.0,0.0,0.0,0.0,0.0,0.0,0.0,0.0,1,FN,False,,0.0,0.31,944.0
20230310_80000/T_50549_DISP_5980_EC_2379_ECP_12431_221820985_data,1,410.0,653.0,ECb,0,0.0,0.0,0.0,0.0,0.0,0.0,0.0,0.0,0.0,0.0,0.0,2,FN,False,,0.0,0.53,161.0
20230310_35000/EC_3224_T_3477_161611225_data,1,324.0,593.0,ECb,0,0.0,0.0,0.0,0.0,0.0,0.0,0.0,0.0,0.0,0.0,0.0,0,FN,False,,0.0,0.86,inf
20230310_65000/E_8321_CE_5391_DISP_8075_205207982_data,1,739.0,952.0,DISP,0,0.0,0.0,0.0,0.0,0.0,0.0,0.0,0.0,0.0,0.0,0.0,2,FN,False,,0.0,0.77,435.0
20230310_50000/ECP_10327_DISP_4013_T_51021_183321548_data,1,661.0,852.0,DISP,0,0.0,0.0,0.0,0.0,0.0,0.0,0.0,0.0,0.0,0.0,0.0,1,FN,False,,0.0,0.45,744.0
20230310_45000/ECP_2398_EC_3059_174211255_data,1,591.0,765.0,ECa,0,0.0,0.0,0.0,0.0,0.0,0.0,0.0,0.0,0.0,0.0,0.0,1,FN,False,,0.0,0.3,615.0
20230310_5000/EC_2448_EC_2371_DISP_4296_122631864_data,1,402.0,510.0,ECa,0,0.0,0.0,0.0,0.0,0.0,0.0,0.0,0.0,0.0,0.0,0.0,1,FN,False,,0.0,0.91,271.0
20230310_50000/ECP_1658_T_50201_181750104_data,1,64.0,649.0,ECP,0,0.0,0.0,0.0,0.0,0.0,0.0,0.0,0.0,0.0,0.0,0.0,0,FN,False,,0.0,0.36,inf
20230310_75000/SR_1070_EC_700_214015272_data,1,588.0,808.0,ECa,0,0.0,0.0,0.0,0.0,0.0,0.0,0.0,0.0,0.0,0.0,0.0,1,FN,False,,0.0,0.42,230.0
20230310_80000/T_3744_ECP_51024_222509645_data,1,307.0,870.0,ECP,0,0.0,0.0,0.0,0.0,0.0,0.0,0.0,0.0,0.0,0.0,0.0,1,FN,False,,0.0,0.38,256.0
20230310_15000/CE_4042_EC_290_CE_8_135452101_data,1,507.0,639.0,ECb,0,0.0,0.0,0.0,0.0,0.0,0.0,0.0,0.0,0.0,0.0,0.0,1,FN,False,,0.0,0.42,867.0
20230310_50000/DISP_10761_E_12794_180441703_data,1,249.0,481.0,DISP,0,0.0,0.0,0.0,0.0,0.0,0.0,0.0,0.0,0.0,0.0,0.0,0,FN,False,,0.0,0.54,inf
20230310_5000/ECP_7825_EC_2985_EC_621_T_50462_123438889_data,1,185.0,337.0,ECP,0,0.0,0.0,0.0,0.0,0.0,0.0,0.0,0.0,0.0,0.0,0.0,0,FN,False,,0.0,0.25,419.0
20230310_60000/ECE_10717_EC_158_EC_3126_SR_1008_194158933_data,1,600.0,729.0,ECb,0,0.0,0.0,0.0,0.0,0.0,0.0,0.0,0.0,0.0,0.0,0.0,2,FN,False,,0.0,0.96,701.0
20230310_40000/DISP_5962_EC_579_E_7932_T_50071_164525126_data,1,154.0,315.0,DISP,0,0.0,0.0,0.0,0.0,0.0,0.0,0.0,0.0,0.0,0.0,0.0,0,FN,False,,0.0,0.71,603.0
20230310_45000/CE_4127_SR_1295_EC_602_17532691_data,1,739.0,924.0,ECb,0,0.0,0.0,0.0,0.0,0.0,0.0,0.0,0.0,0.0,0.0,0.0,2,FN,False,,0.0,0.68,307.0
20230310_55000/E_12249_CE_104_EC_779_E_12968_185159562_data,1,577.0,725.0,ECa,0,0.0,0.0,0.0,0.0,0.0,0.0,0.0,0.0,0.0,0.0,0.0,2,FN,False,,0.0,0.53,10.0
20230310_20000/EC_368_ECE_5241_141357633_data,1,181.0,380.0,ECb,0,0.0,0.0,0.0,0.0,0.0,0.0,0.0,0.0,0.0,0.0,0.0,0,FN,False,,0.0,0.24,inf
20230310_55000/T_50790_SR_2712_191621237_data,1,1.0,41.0,T,0,0.0,0.0,0.0,0.0,0.0,0.0,0.0,0.0,0.0,0.0,0.0,0,FN,False,,0.0,0.65,inf
20230310_65000/E_5695_SR_1856_DISP_8329_ECP_10081_202115810_data,1,528.0,640.0,DISP,0,0.0,0.0,0.0,0.0,0.0,0.0,0.0,0.0,0.0,0.0,0.0,2,FN,False,,0.0,0.43,803.0
20230310_35000/EC_2749_EC_1685_ECP_1485_160358670_data,1,551.0,738.0,ECb,0,0.0,0.0,0.0,0.0,0.0,0.0,0.0,0.0,0.0,0.0,0.0,1,FN,False,,0.0,0.28,669.0
20230310_55000/ECP_11662_DISP_5026_191905877_data,1,41.0,338.0,ECP,0,0.0,0.0,0.0,0.0,0.0,0.0,0.0,0.0,0.0,0.0,0.0,0,FN,False,,0.0,0.51,inf
20230310_45000/SR_1335_EC_2389_EC_2411_174926949_data,1,601.0,756.0,ECb,0,0.0,0.0,0.0,0.0,0.0,0.0,0.0,0.0,0.0,0.0,0.0,1,FN,False,,0.0,0.87,804.0
20230310_45000/SR_1335_EC_2389_EC_2411_174926949_data,1,864.0,965.0,ECa,0,0.0,0.0,0.0,0.0,0.0,0.0,0.0,0.0,0.0,0.0,0.0,2,FN,False,,0.0,0.58,321.0
20230310_60000/SR_4550_DISP_6330_193352639_data,1,823.0,969.0,DISP,0,0.0,0.0,0.0,0.0,0.0,0.0,0.0,0.0,0.0,0.0,0.0,1,FN,False,,0.0,0.35,267.0
20230310_75000/DISP_10707_SR_690_EC_1582_DISP_7678_215534723_data,1,766.0,879.0,DISP,0,0.0,0.0,0.0,0.0,0.0,0.0,0.0,0.0,0.0,0.0,0.0,3,FN,False,,0.0,0.94,471.0
20230310_80000/ECE_2873_ECE_7159_ECE_2685_EC_2733_22490923_data,1,914.0,969.0,ECa,0,0.0,0.0,0.0,0.0,0.0,0.0,0.0,0.0,0.0,0.0,0.0,3,FN,False,,0.0,0.96,343.0
20230310_55000/ECP_50321_DISP_81_185547410_data,1,150.0,354.0,ECP,0,0.0,0.0,0.0,0.0,0.0,0.0,0.0,0.0,0.0,0.0,0.0,0,FN,False,,0.0,0.24,inf
20230310_80000/DISP_8545_E_11832_DISP_12384_EC_766_224756828_data,1,51.0,148.0,DISP,0,0.0,0.0,0.0,0.0,0.0,0.0,0.0,0.0,0.0,0.0,0.0,0,FN,False,,0.0,0.3,45.0
20230310_80000/EC_261_EC_3336_224939743_data,1,101.0,509.0,ECb,0,0.0,0.0,0.0,0.0,0.0,0.0,0.0,0.0,0.0,0.0,0.0,0,FN,False,,0.0,0.35,inf
20230310_70000/T_7965_EC_3382_E_10260_SR_4132_213201879_data,1,153.0,251.0,ECb,0,0.0,0.0,0.0,0.0,0.0,0.0,0.0,0.0,0.0,0.0,0.0,1,FN,False,,0.0,0.55,536.0
20230310_15000/DISP_8111_SR_3584_E_9026_DISP_10828_135307633_data,1,876.0,965.0,DISP,0,0.0,0.0,0.0,0.0,0.0,0.0,0.0,0.0,0.0,0.0,0.0,3,FN,False,,0.0,0.39,32.0
20230310_30000/ECP_12177_EC_3126_152848125_data,1,550.0,839.0,ECa,0,0.0,0.0,0.0,0.0,0.0,0.0,0.0,0.0,0.0,0.0,0.0,1,FN,False,,0.0,0.47,668.0
20230310_65000/EC_88_EC_3415_EC_296_20305015_data,1,111.0,342.0,ECb,0,0.0,0.0,0.0,0.0,0.0,0.0,0.0,0.0,0.0,0.0,0.0,0,FN,False,,0.0,0.97,345.0
20230310_30000/DISP_12198_EC_679_E_10342_ECP_12249_152738781_data,1,816.0,955.0,ECP,0,0.0,0.0,0.0,0.0,0.0,0.0,0.0,0.0,0.0,0.0,0.0,3,FN,False,,0.0,0.26,381.0
20230310_30000/ECE_11415_ECE_6093_153542664_data,1,52.0,266.0,ECE,0,0.0,0.0,0.0,0.0,0.0,0.0,0.0,0.0,0.0,0.0,0.0,0,FN,False,,0.0,0.2,inf
20230310_10000/EC_335_DISP_9302_DISP_10327_130004535_data,1,6.0,365.0,ECb,0,0.0,0.0,0.0,0.0,0.0,0.0,0.0,0.0,0.0,0.0,0.0,0,FN,False,,0.0,0.34,133.0
20230310_10000/EC_335_DISP_9302_DISP_10327_130004535_data,1,405.0,563.0,DISP,0,0.0,0.0,0.0,0.0,0.0,0.0,0.0,0.0,0.0,0.0,0.0,1,FN,False,,0.0,0.29,133.0
20230310_25000/SR_16_EC_631_DISP_9175_151228720_data,1,716.0,895.0,DISP,0,0.0,0.0,0.0,0.0,0.0,0.0,0.0,0.0,0.0,0.0,0.0,2,FN,False,,0.0,0.6,417.0
20230310_20000/ECP_1060_DISP_4284_DISP_9697_T_50154_141819142_data,1,280.0,491.0,DISP,0,0.0,0.0,0.0,0.0,0.0,0.0,0.0,0.0,0.0,0.0,0.0,1,FN,False,,0.0,0.2,40.0
20230310_25000/CE_611_E_10328_DISP_8388_EC_874_150823567_data,1,634.0,712.0,DISP,0,0.0,0.0,0.0,0.0,0.0,0.0,0.0,0.0,0.0,0.0,0.0,2,FN,False,,0.0,0.88,825.0
20230310_45000/EC_1540_CE_471_DISP_10576_DISP_4035_172438852_data,1,545.0,664.0,DISP,0,0.0,0.0,0.0,0.0,0.0,0.0,0.0,0.0,0.0,0.0,0.0,2,FN,False,,0.0,0.72,574.0
20230310_50000/DISP_10203_DISP_8663_SR_4608_181121248_data,1,486.0,668.0,DISP,0,0.0,0.0,0.0,0.0,0.0,0.0,0.0,0.0,0.0,0.0,0.0,1,FN,False,,0.0,0.5,558.0
20230310_50000/ECE_12860_ECE_10865_DISP_8095_18334976_data,1,895.0,979.0,DISP,0,0.0,0.0,0.0,0.0,0.0,0.0,0.0,0.0,0.0,0.0,0.0,2,FN,False,,0.0,0.74,36.0
20230310_30000/SR_3100_EC_2669_154330992_data,1,533.0,671.0,ECb,0,0.0,0.0,0.0,0.0,0.0,0.0,0.0,0.0,0.0,0.0,0.0,1,FN,False,,0.0,0.67,816.0
20230310_45000/EC_1372_E_1258_SR_4909_DISP_1293_175354127_data,1,651.0,742.0,DISP,0,0.0,0.0,0.0,0.0,0.0,0.0,0.0,0.0,0.0,0.0,0.0,3,FN,False,,0.0,0.24,12.0
20230310_75000/DISP_5916_ECP_12382_214224848_data,1,25.0,137.0,DISP,0,0.0,0.0,0.0,0.0,0.0,0.0,0.0,0.0,0.0,0.0,0.0,0,FN,False,,0.0,0.42,inf
20230310_10000/EC_2716_DISP_932_124547743_data,1,416.0,501.0,ECa,0,0.0,0.0,0.0,0.0,0.0,0.0,0.0,0.0,0.0,0.0,0.0,0,FN,False,,0.0,0.25,inf
20230310_30000/DISP_1736_E_1208_EC_1871_CE_4942_154243919_data,1,599.0,692.0,ECa,0,0.0,0.0,0.0,0.0,0.0,0.0,0.0,0.0,0.0,0.0,0.0,2,FN,False,,0.0,0.34,633.0
20230310_35000/DISP_4551_CE_282_ECE_3506_EC_1443_161626395_data,1,60.0,130.0,DISP,0,0.0,0.0,0.0,0.0,0.0,0.0,0.0,0.0,0.0,0.0,0.0,0,FN,False,,0.0,0.93,961.0
20230310_35000/CE_1336_SR_4141_162258996_data,1,163.0,486.0,ECb,0,0.0,0.0,0.0,0.0,0.0,0.0,0.0,0.0,0.0,0.0,0.0,0,FN,False,,0.0,0.93,inf
20230310_25000/ECP_8131_E_1126_ECE_11658_EC_2047_145544246_data,1,835.0,994.0,ECa,0,0.0,0.0,0.0,0.0,0.0,0.0,0.0,0.0,0.0,0.0,0.0,3,FN,False,,0.0,0.67,82.0
20230310_25000/EC_2194_EC_1189_SR_3726_DISP_9566_151541307_data,1,382.0,604.0,ECa,0,0.0,0.0,0.0,0.0,0.0,0.0,0.0,0.0,0.0,0.0,0.0,1,FN,False,,0.0,0.65,38.0
20230310_25000/EC_2194_EC_1189_SR_3726_DISP_9566_151541307_data,1,890.0,966.0,DISP,0,0.0,0.0,0.0,0.0,0.0,0.0,0.0,0.0,0.0,0.0,0.0,3,FN,False,,0.0,0.39,846.0
20230310_30000/EC_3006_DISP_2406_152431116_data,1,415.0,804.0,DISP,0,0.0,0.0,0.0,0.0,0.0,0.0,0.0,0.0,0.0,0.0,0.0,1,FN,False,,0.0,0.38,13.0
20230310_50000/DISP_7446_SR_4854_E_2695_E_1446_180804596_data,1,5.0,41.0,DISP,0,0.0,0.0,0.0,0.0,0.0,0.0,0.0,0.0,0.0,0.0,0.0,0,FN,False,,0.0,0.81,50.0
20230310_35000/E_1042_DISP_11607_DISP_8931_ECE_4109_160941128_data,1,483.0,554.0,DISP,0,0.0,0.0,0.0,0.0,0.0,0.0,0.0,0.0,0.0,0.0,0.0,2,FN,False,,0.0,0.43,65.0
20230310_15000/SR_1288_DISP_12344_EC_3366_132436921_data,1,597.0,839.0,ECa,0,0.0,0.0,0.0,0.0,0.0,0.0,0.0,0.0,0.0,0.0,0.0,2,FN,False,,0.0,0.89,177.0
20230310_25000/EC_2337_T_50377_143849569_data,1,980.0,1000.0,T,0,0.0,0.0,0.0,0.0,0.0,0.0,0.0,0.0,0.0,0.0,0.0,1,FN,False,,0.0,0.69,621.0
20230310_15000/CE_4144_CE_1814_ECE_2844_DISP_10650_134936909_data,1,780.0,870.0,DISP,0,0.0,0.0,0.0,0.0,0.0,0.0,0.0,0.0,0.0,0.0,0.0,3,FN,False,,0.0,0.87,486.0
20230310_55000/EC_731_192629676_data,1,202.0,567.0,ECa,0,0.0,0.0,0.0,0.0,0.0,0.0,0.0,0.0,0.0,0.0,0.0,0,FN,False,,0.0,0.9,inf
20230310_10000/EC_2938_DISP_12228_EC_3201_ECE_12939_131127642_data,1,365.0,432.0,DISP,0,0.0,0.0,0.0,0.0,0.0,0.0,0.0,0.0,0.0,0.0,0.0,1,FN,False,,0.0,0.96,516.0
20230310_25000/DISP_11805_CE_522_E_8210_CE_825_144511554_data,1,91.0,236.0,DISP,0,0.0,0.0,0.0,0.0,0.0,0.0,0.0,0.0,0.0,0.0,0.0,0,FN,False,,0.0,0.69,304.0
20230310_25000/EC_70_E_11917_CE_1167_151259327_data,1,69.0,220.0,ECb,0,0.0,0.0,0.0,0.0,0.0,0.0,0.0,0.0,0.0,0.0,0.0,0,FN,False,,0.0,0.53,483.0
20230310_20000/ECE_9375_DISP_10018_EC_673_EC_373_14313767_data,1,545.0,650.0,ECa,0,0.0,0.0,0.0,0.0,0.0,0.0,0.0,0.0,0.0,0.0,0.0,2,FN,False,,0.0,0.77,971.0
20230310_75000/EC_2881_SR_2122_EC_2661_T_50632_215909877_data,1,169.0,368.0,ECa,0,0.0,0.0,0.0,0.0,0.0,0.0,0.0,0.0,0.0,0.0,0.0,0,FN,False,,0.0,0.67,729.0
20230310_25000/ECP_4220_EC_347_E_9543_DISP_11475_151123890_data,1,20.0,123.0,ECP,0,0.0,0.0,0.0,0.0,0.0,0.0,0.0,0.0,0.0,0.0,0.0,0,FN,False,,0.0,0.21,958.0
20230310_25000/ECP_4220_EC_347_E_9543_DISP_11475_151123890_data,1,321.0,388.0,ECb,0,0.0,0.0,0.0,0.0,0.0,0.0,0.0,0.0,0.0,0.0,0.0,1,FN,False,,0.0,0.21,91.0
20230310_55000/ECE_2119_EC_549_184252203_data,1,540.0,893.0,ECa,0,0.0,0.0,0.0,0.0,0.0,0.0,0.0,0.0,0.0,0.0,0.0,1,FN,False,,0.0,0.8,185.0
20230310_15000/EC_1276_DISP_6338_EC_2411_T_50736_132321156_data,1,473.0,577.0,DISP,0,0.0,0.0,0.0,0.0,0.0,0.0,0.0,0.0,0.0,0.0,0.0,1,FN,False,,0.0,0.29,858.0
20230310_15000/DISP_12283_SR_2221_ECE_12928_T_50790_132012153_data,1,982.0,1000.0,T,0,0.0,0.0,0.0,0.0,0.0,0.0,0.0,0.0,0.0,0.0,0.0,3,FN,False,,0.0,0.29,449.0
20230310_15000/DISP_6347_ECP_51260_135430893_data,1,515.0,781.0,ECP,0,0.0,0.0,0.0,0.0,0.0,0.0,0.0,0.0,0.0,0.0,0.0,1,FN,False,,0.0,0.61,74.0
20230310_15000/DISP_635_EC_549_133957723_data,1,465.0,876.0,ECa,0,0.0,0.0,0.0,0.0,0.0,0.0,0.0,0.0,0.0,0.0,0.0,1,FN,False,,0.0,0.3,162.0
20230310_50000/EC_1924_180128345_data,1,819.0,964.0,ECa,0,0.0,0.0,0.0,0.0,0.0,0.0,0.0,0.0,0.0,0.0,0.0,0,FN,False,,0.0,0.53,inf
20230310_15000/EC_487_EC_77_EC_1047_ECP_50848_132713830_data,1,83.0,186.0,ECa,0,0.0,0.0,0.0,0.0,0.0,0.0,0.0,0.0,0.0,0.0,0.0,0,FN,False,,0.0,0.59,458.0
20230310_5000/SR_4787_DISP_10061_123252980_data,1,595.0,888.0,DISP,0,0.0,0.0,0.0,0.0,0.0,0.0,0.0,0.0,0.0,0.0,0.0,1,FN,False,,0.0,0.55,935.0
20230310_10000/ECE_4513_ECE_12892_130604351_data,1,791.0,959.0,ECE,0,0.0,0.0,0.0,0.0,0.0,0.0,0.0,0.0,0.0,0.0,0.0,1,FN,False,,0.0,0.8,223.0
20230310_40000/T_58_ECE_12647_ECE_9064_165252420_data,1,698.0,891.0,ECE,0,0.0,0.0,0.0,0.0,0.0,0.0,0.0,0.0,0.0,0.0,0.0,2,FN,False,,0.0,0.31,184.0
20230310_5000/E_1802_EC_1247_E_1432_122706736_data,1,516.0,694.0,ECa,0,0.0,0.0,0.0,0.0,0.0,0.0,0.0,0.0,0.0,0.0,0.0,1,FN,False,,0.0,0.97,428.0
20230310_45000/CE_1521_DISP_10573_E_8153_EC_918_175202678_data,1,386.0,503.0,DISP,0,0.0,0.0,0.0,0.0,0.0,0.0,0.0,0.0,0.0,0.0,0.0,1,FN,False,,0.0,0.89,811.0
20230310_45000/CE_1521_DISP_10573_E_8153_EC_918_175202678_data,1,844.0,931.0,ECb,0,0.0,0.0,0.0,0.0,0.0,0.0,0.0,0.0,0.0,0.0,0.0,3,FN,False,,0.0,0.86,734.0
20230310_75000/CE_461_CE_4843_EC_190_T_3776_221255233_data,1,815.0,881.0,ECa,0,0.0,0.0,0.0,0.0,0.0,0.0,0.0,0.0,0.0,0.0,0.0,2,FN,False,,0.0,0.33,684.0
20230310_45000/DISP_3117_E_3634_CE_1126_174857219_data,1,39.0,113.0,DISP,0,0.0,0.0,0.0,0.0,0.0,0.0,0.0,0.0,0.0,0.0,0.0,0,FN,False,,0.0,0.64,957.0
20230310_55000/EC_1965_190901806_data,1,628.0,839.0,ECa,0,0.0,0.0,0.0,0.0,0.0,0.0,0.0,0.0,0.0,0.0,0.0,0,FN,False,,0.0,0.34,inf
20230310_5000/E_748_DISP_3443_ECE_3970_12393162_data,1,402.0,514.0,DISP,0,0.0,0.0,0.0,0.0,0.0,0.0,0.0,0.0,0.0,0.0,0.0,1,FN,False,,0.0,0.23,817.0
20230310_55000/DISP_647_ECP_51517_184938875_data,1,150.0,464.0,DISP,0,0.0,0.0,0.0,0.0,0.0,0.0,0.0,0.0,0.0,0.0,0.0,0,FN,False,,0.0,0.33,inf
20230310_20000/SR_2157_EC_2074_DISP_4193_CE_710_141404653_data,1,286.0,421.0,ECa,0,0.0,0.0,0.0,0.0,0.0,0.0,0.0,0.0,0.0,0.0,0.0,1,FN,False,,0.0,0.23,205.0
20230310_35000/EC_2131_160538680_data,1,114.0,640.0,ECa,0,0.0,0.0,0.0,0.0,0.0,0.0,0.0,0.0,0.0,0.0,0.0,0,FN,False,,0.0,0.79,inf
20230310_45000/EC_3381_174107114_data,1,165.0,541.0,ECa,0,0.0,0.0,0.0,0.0,0.0,0.0,0.0,0.0,0.0,0.0,0.0,0,FN,False,,0.0,0.95,inf
20230310_70000/EC_2371_E_4917_T_50814_212610154_data,1,76.0,269.0,ECb,0,0.0,0.0,0.0,0.0,0.0,0.0,0.0,0.0,0.0,0.0,0.0,0,FN,False,,0.0,0.98,106.0
20230310_30000/EC_282_T_235_151644613_data,1,519.0,689.0,ECa,0,0.0,0.0,0.0,0.0,0.0,0.0,0.0,0.0,0.0,0.0,0.0,0,FN,False,,0.0,0.28,inf
20230310_80000/ECP_7928_DISP_11387_SR_2921_22220210_data,1,422.0,520.0,DISP,0,0.0,0.0,0.0,0.0,0.0,0.0,0.0,0.0,0.0,0.0,0.0,1,FN,False,,0.0,0.99,506.0
20230310_70000/EC_3014_T_50154_205907176_data,1,543.0,849.0,ECb,0,0.0,0.0,0.0,0.0,0.0,0.0,0.0,0.0,0.0,0.0,0.0,0,FN,False,,0.0,0.23,inf
20230310_20000/CE_5417_E_10109_EC_307_143059876_data,1,15.0,222.0,ECa,0,0.0,0.0,0.0,0.0,0.0,0.0,0.0,0.0,0.0,0.0,0.0,0,FN,False,,0.0,0.9,783.0
20230310_45000/DISP_6283_SR_4137_E_7115_EC_1419_174110596_data,1,721.0,976.0,ECa,0,0.0,0.0,0.0,0.0,0.0,0.0,0.0,0.0,0.0,0.0,0.0,3,FN,False,,0.0,0.37,11.0
20230310_40000/SR_102_EC_2427_T_50495_165726379_data,1,491.0,712.0,ECb,0,0.0,0.0,0.0,0.0,0.0,0.0,0.0,0.0,0.0,0.0,0.0,1,FN,False,,0.0,0.22,417.0
20230310_25000/SR_2137_EC_2799_ECE_4112_DISP_8527_150830378_data,1,305.0,476.0,ECb,0,0.0,0.0,0.0,0.0,0.0,0.0,0.0,0.0,0.0,0.0,0.0,1,FN,False,,0.0,0.41,329.0
20230310_15000/T_4789_DISP_8642_ECP_51196_134623450_data,1,623.0,942.0,ECP,0,0.0,0.0,0.0,0.0,0.0,0.0,0.0,0.0,0.0,0.0,0.0,2,FN,False,,0.0,0.99,600.0
20230310_15000/DISP_10779_DISP_4119_CE_4207_1343482_data,1,29.0,127.0,DISP,0,0.0,0.0,0.0,0.0,0.0,0.0,0.0,0.0,0.0,0.0,0.0,0,FN,False,,0.0,0.21,139.0
20230310_55000/CE_797_E_5521_CE_448_191413417_data,1,679.0,811.0,ECb,0,0.0,0.0,0.0,0.0,0.0,0.0,0.0,0.0,0.0,0.0,0.0,2,FN,False,,0.0,0.41,936.0
20230310_20000/SR_80_E_513_EC_816_CE_4651_143518523_data,1,579.0,655.0,ECb,0,0.0,0.0,0.0,0.0,0.0,0.0,0.0,0.0,0.0,0.0,0.0,2,FN,False,,0.0,0.75,765.0
20230310_75000/EC_303_EC_203_DISP_12874_T_7429_221421149_data,1,10.0,227.0,ECa,0,0.0,0.0,0.0,0.0,0.0,0.0,0.0,0.0,0.0,0.0,0.0,0,FN,False,,0.0,0.9,222.0
20230310_75000/EC_303_EC_203_DISP_12874_T_7429_221421149_data,1,280.0,490.0,ECa,0,0.0,0.0,0.0,0.0,0.0,0.0,0.0,0.0,0.0,0.0,0.0,1,FN,False,,0.0,0.84,222.0
20230310_60000/T_2693_DISP_10474_EC_3256_EC_3343_195350245_data,1,158.0,270.0,DISP,0,0.0,0.0,0.0,0.0,0.0,0.0,0.0,0.0,0.0,0.0,0.0,1,FN,False,,0.0,0.84,478.0
20230310_15000/EC_434_SR_4616_135113110_data,1,44.0,343.0,ECa,0,0.0,0.0,0.0,0.0,0.0,0.0,0.0,0.0,0.0,0.0,0.0,0,FN,False,,0.0,0.76,inf
20230310_55000/EC_3424_EC_934_ECE_8385_184749565_data,1,395.0,497.0,ECa,0,0.0,0.0,0.0,0.0,0.0,0.0,0.0,0.0,0.0,0.0,0.0,1,FN,False,,0.0,0.88,707.0
20230310_80000/DISP_11503_ECE_12385_DISP_12432_T_7226_224947440_data,1,791.0,855.0,DISP,0,0.0,0.0,0.0,0.0,0.0,0.0,0.0,0.0,0.0,0.0,0.0,2,FN,False,,0.0,0.32,714.0
20230310_50000/EC_738_E_7158_18352236_data,1,236.0,412.0,ECb,0,0.0,0.0,0.0,0.0,0.0,0.0,0.0,0.0,0.0,0.0,0.0,0,FN,False,,0.0,0.44,inf
20230310_80000/E_2638_DISP_4833_ECE_5309_T_50666_223813341_data,1,215.0,408.0,DISP,0,0.0,0.0,0.0,0.0,0.0,0.0,0.0,0.0,0.0,0.0,0.0,1,FN,False,,0.0,0.57,93.0
20230310_60000/EC_3050_SR_1790_EC_709_19563652_data,1,76.0,275.0,ECb,0,0.0,0.0,0.0,0.0,0.0,0.0,0.0,0.0,0.0,0.0,0.0,0,FN,False,,0.0,0.24,879.0
20230310_60000/EC_3050_SR_1790_EC_709_19563652_data,1,639.0,827.0,ECb,0,0.0,0.0,0.0,0.0,0.0,0.0,0.0,0.0,0.0,0.0,0.0,2,FN,False,,0.0,0.45,339.0
20230310_75000/EC_1315_EC_2525_EC_2694_ECP_50765_220857227_data,1,595.0,693.0,ECb,0,0.0,0.0,0.0,0.0,0.0,0.0,0.0,0.0,0.0,0.0,0.0,2,FN,False,,0.0,0.55,884.0
20230310_20000/T_4635_E_12847_EC_3382_ECP_51835_141213693_data,1,439.0,556.0,ECb,0,0.0,0.0,0.0,0.0,0.0,0.0,0.0,0.0,0.0,0.0,0.0,2,FN,False,,0.0,0.6,99.0
20230310_65000/EC_3139_202042278_data,1,415.0,669.0,ECa,0,0.0,0.0,0.0,0.0,0.0,0.0,0.0,0.0,0.0,0.0,0.0,0,FN,False,,0.0,0.33,inf
20230310_80000/DISP_2025_EC_1350_ECE_5188_EC_2103_223104507_data,1,29.0,132.0,DISP,0,0.0,0.0,0.0,0.0,0.0,0.0,0.0,0.0,0.0,0.0,0.0,0,FN,False,,0.0,0.77,967.0
20230310_20000/E_10153_ECP_50674_141657879_data,1,605.0,916.0,ECP,0,0.0,0.0,0.0,0.0,0.0,0.0,0.0,0.0,0.0,0.0,0.0,1,FN,False,,0.0,0.39,33.0
20230310_20000/ECE_4580_EC_1909_EC_523_SR_2816_14153571_data,1,418.0,508.0,ECb,0,0.0,0.0,0.0,0.0,0.0,0.0,0.0,0.0,0.0,0.0,0.0,1,FN,False,,0.0,0.29,182.0
20230310_50000/ECE_1026_EC_2881_ECP_2724_183133236_data,1,544.0,708.0,ECb,0,0.0,0.0,0.0,0.0,0.0,0.0,0.0,0.0,0.0,0.0,0.0,1,FN,False,,0.0,0.75,631.0
20230310_75000/EC_3232_T_5224_214036112_data,1,588.0,737.0,ECa,0,0.0,0.0,0.0,0.0,0.0,0.0,0.0,0.0,0.0,0.0,0.0,0,FN,False,,0.0,0.45,inf
20230310_10000/ECE_6236_EC_527_ECE_4357_E_358_130133961_data,1,325.0,515.0,ECb,0,0.0,0.0,0.0,0.0,0.0,0.0,0.0,0.0,0.0,0.0,0.0,1,FN,False,,0.0,0.47,100.0
20230310_45000/EC_2482_DISP_7738_DISP_7342_172241621_data,1,326.0,563.0,DISP,0,0.0,0.0,0.0,0.0,0.0,0.0,0.0,0.0,0.0,0.0,0.0,1,FN,False,,0.0,0.2,310.0
20230310_15000/T_4907_EC_405_134041598_data,1,433.0,738.0,ECa,0,0.0,0.0,0.0,0.0,0.0,0.0,0.0,0.0,0.0,0.0,0.0,1,FN,False,,0.0,0.66,360.0
20230310_30000/DISP_5051_154908550_data,1,427.0,943.0,DISP,0,0.0,0.0,0.0,0.0,0.0,0.0,0.0,0.0,0.0,0.0,0.0,0,FN,False,,0.0,0.22,inf
20230310_45000/EC_2572_EC_1470_DISP_1668_E_3201_172553137_data,1,151.0,366.0,ECa,0,0.0,0.0,0.0,0.0,0.0,0.0,0.0,0.0,0.0,0.0,0.0,1,FN,False,,0.0,0.77,139.0
20230310_55000/DISP_138_ECE_7937_191544811_data,1,191.0,372.0,DISP,0,0.0,0.0,0.0,0.0,0.0,0.0,0.0,0.0,0.0,0.0,0.0,0,FN,False,,0.0,0.45,inf
20230310_15000/DISP_6036_E_3749_ECE_2867_EC_1315_133404351_data,1,91.0,198.0,DISP,0,0.0,0.0,0.0,0.0,0.0,0.0,0.0,0.0,0.0,0.0,0.0,0,FN,False,,0.0,0.94,79.0
20230310_15000/DISP_6036_E_3749_ECE_2867_EC_1315_133404351_data,1,779.0,982.0,ECa,0,0.0,0.0,0.0,0.0,0.0,0.0,0.0,0.0,0.0,0.0,0.0,3,FN,False,,0.0,0.6,952.0
20230310_75000/EC_3185_E_5748_DISP_6769_E_4971_220515868_data,1,579.0,649.0,DISP,0,0.0,0.0,0.0,0.0,0.0,0.0,0.0,0.0,0.0,0.0,0.0,2,FN,False,,0.0,0.98,260.0
20230310_50000/E_1169_EC_984_ECE_6484_181945303_data,1,357.0,457.0,ECb,0,0.0,0.0,0.0,0.0,0.0,0.0,0.0,0.0,0.0,0.0,0.0,1,FN,False,,0.0,0.42,67.0
20230310_45000/DISP_10328_EC_1712_EC_1122_ECP_51660_173404470_data,1,441.0,591.0,ECb,0,0.0,0.0,0.0,0.0,0.0,0.0,0.0,0.0,0.0,0.0,0.0,1,FN,False,,0.0,0.69,3.0
20230310_40000/EC_1122_EC_1219_EC_2777_170344894_data,1,415.0,513.0,ECa,0,0.0,0.0,0.0,0.0,0.0,0.0,0.0,0.0,0.0,0.0,0.0,1,FN,False,,0.0,0.64,852.0
20230310_25000/ECP_10550_ECE_12062_DISP_9232_151035604_data,1,91.0,180.0,ECP,0,0.0,0.0,0.0,0.0,0.0,0.0,0.0,0.0,0.0,0.0,0.0,0,FN,False,,0.0,1.0,836.0
20230310_25000/ECP_10550_ECE_12062_DISP_9232_151035604_data,1,649.0,726.0,DISP,0,0.0,0.0,0.0,0.0,0.0,0.0,0.0,0.0,0.0,0.0,0.0,2,FN,False,,0.0,0.92,654.0
20230310_20000/DISP_6648_EC_2428_SR_2382_143412892_data,1,55.0,166.0,DISP,0,0.0,0.0,0.0,0.0,0.0,0.0,0.0,0.0,0.0,0.0,0.0,0,FN,False,,0.0,0.23,73.0
20230310_45000/EC_3372_CE_1954_DISP_6504_173605364_data,1,217.0,325.0,ECa,0,0.0,0.0,0.0,0.0,0.0,0.0,0.0,0.0,0.0,0.0,0.0,0,FN,False,,0.0,0.49,602.0
20230310_40000/DISP_4942_SR_2339_17222079_data,1,230.0,455.0,DISP,0,0.0,0.0,0.0,0.0,0.0,0.0,0.0,0.0,0.0,0.0,0.0,0,FN,False,,0.0,0.34,inf
20230310_35000/CE_1339_DISP_10932_DISP_11971_164053146_data,1,186.0,338.0,ECa,0,0.0,0.0,0.0,0.0,0.0,0.0,0.0,0.0,0.0,0.0,0.0,0,FN,False,,0.0,0.29,358.0
20230310_30000/DISP_11597_DISP_5869_DISP_5869_155552703_data,1,92.0,195.0,DISP,0,0.0,0.0,0.0,0.0,0.0,0.0,0.0,0.0,0.0,0.0,0.0,0,FN,False,,0.0,0.77,711.0
20230310_40000/EC_938_SR_1685_DISP_6347_ECP_8632_165529697_data,1,612.0,711.0,DISP,0,0.0,0.0,0.0,0.0,0.0,0.0,0.0,0.0,0.0,0.0,0.0,2,FN,False,,0.0,0.21,967.0
20230310_40000/DISP_9232_ECE_9584_170328565_data,1,87.0,231.0,DISP,0,0.0,0.0,0.0,0.0,0.0,0.0,0.0,0.0,0.0,0.0,0.0,0,FN,False,,0.0,0.54,inf
20230310_60000/EC_396_EC_2680_19454576_data,1,152.0,321.0,ECb,0,0.0,0.0,0.0,0.0,0.0,0.0,0.0,0.0,0.0,0.0,0.0,0,FN,False,,0.0,0.88,inf
20230310_60000/E_3758_SR_2626_DISP_512_200309917_data,1,735.0,916.0,DISP,0,0.0,0.0,0.0,0.0,0.0,0.0,0.0,0.0,0.0,0.0,0.0,2,FN,False,,0.0,0.69,54.0
20230310_70000/ECE_1774_DISP_4550_DISP_7818_205859747_data,1,917.0,982.0,DISP,0,0.0,0.0,0.0,0.0,0.0,0.0,0.0,0.0,0.0,0.0,0.0,2,FN,False,,0.0,0.86,201.0
20230310_55000/CE_681_SR_4326_CE_5703_191428613_data,1,21.0,252.0,ECa,0,0.0,0.0,0.0,0.0,0.0,0.0,0.0,0.0,0.0,0.0,0.0,0,FN,False,,0.0,0.36,862.0
20230310_80000/DISP_5553_ECE_4099_SR_1959_221513247_data,1,171.0,294.0,DISP,0,0.0,0.0,0.0,0.0,0.0,0.0,0.0,0.0,0.0,0.0,0.0,0,FN,False,,0.0,0.5,955.0
20230310_70000/EC_1727_ECE_6214_SR_1712_DISP_7811_212315575_data,1,753.0,874.0,DISP,0,0.0,0.0,0.0,0.0,0.0,0.0,0.0,0.0,0.0,0.0,0.0,3,FN,False,,0.0,0.3,499.0
20230310_45000/ECP_11767_E_11418_DISP_9246_EC_3198_175646465_data,1,589.0,755.0,DISP,0,0.0,0.0,0.0,0.0,0.0,0.0,0.0,0.0,0.0,0.0,0.0,2,FN,False,,0.0,0.76,969.0
20230310_45000/ECP_11767_E_11418_DISP_9246_EC_3198_175646465_data,1,755.0,995.0,ECa,0,0.0,0.0,0.0,0.0,0.0,0.0,0.0,0.0,0.0,0.0,0.0,3,FN,False,,0.0,0.71,1.0
20230310_45000/EC_2403_ECE_3873_EC_1198_EC_3062_173831960_data,1,754.0,904.0,ECa,0,0.0,0.0,0.0,0.0,0.0,0.0,0.0,0.0,0.0,0.0,0.0,3,FN,False,,0.0,0.65,181.0
20230310_70000/ECE_9997_EC_1673_T_50295_212106955_data,1,517.0,779.0,ECb,0,0.0,0.0,0.0,0.0,0.0,0.0,0.0,0.0,0.0,0.0,0.0,1,FN,False,,0.0,0.25,66.0
20230310_80000/SR_1067_DISP_11427_CE_4346_222226192_data,1,544.0,669.0,DISP,0,0.0,0.0,0.0,0.0,0.0,0.0,0.0,0.0,0.0,0.0,0.0,1,FN,False,,0.0,0.85,858.0
20230310_45000/DISP_6631_SR_967_172955934_data,1,40.0,336.0,DISP,0,0.0,0.0,0.0,0.0,0.0,0.0,0.0,0.0,0.0,0.0,0.0,0,FN,False,,0.0,0.85,inf
20230310_30000/ECP_4218_EC_189_154725304_data,1,401.0,854.0,ECa,0,0.0,0.0,0.0,0.0,0.0,0.0,0.0,0.0,0.0,0.0,0.0,1,FN,False,,0.0,0.3,408.0
20230310_50000/CE_1936_EC_3014_CE_2217_CE_3596_180208607_data,1,10.0,181.0,ECa,0,0.0,0.0,0.0,0.0,0.0,0.0,0.0,0.0,0.0,0.0,0.0,0,FN,False,,0.0,0.26,117.0
20230310_50000/CE_1936_EC_3014_CE_2217_CE_3596_180208607_data,1,199.0,298.0,ECa,0,0.0,0.0,0.0,0.0,0.0,0.0,0.0,0.0,0.0,0.0,0.0,1,FN,False,,0.0,0.43,117.0
20230310_60000/EC_735_E_6818_DISP_8294_194654547_data,1,723.0,853.0,DISP,0,0.0,0.0,0.0,0.0,0.0,0.0,0.0,0.0,0.0,0.0,0.0,2,FN,False,,0.0,0.34,818.0
20230310_45000/T_2125_EC_715_ECE_11049_174116581_data,1,183.0,323.0,ECb,0,0.0,0.0,0.0,0.0,0.0,0.0,0.0,0.0,0.0,0.0,0.0,1,FN,False,,0.0,0.48,352.0
20230310_75000/ECE_1322_EC_2019_221411411_data,1,27.0,342.0,ECE,0,0.0,0.0,0.0,0.0,0.0,0.0,0.0,0.0,0.0,0.0,0.0,0,FN,False,,0.0,0.79,inf
20230310_70000/ECP_10504_E_6703_EC_2800_210905644_data,1,914.0,985.0,ECa,0,0.0,0.0,0.0,0.0,0.0,0.0,0.0,0.0,0.0,0.0,0.0,2,FN,False,,0.0,0.24,901.0
20230310_45000/EC_1202_173426837_data,1,712.0,935.0,ECa,0,0.0,0.0,0.0,0.0,0.0,0.0,0.0,0.0,0.0,0.0,0.0,0,FN,False,,0.0,0.41,inf
20230310_20000/DISP_10709_EC_3046_EC_3371_EC_3346_143411578_data,1,678.0,986.0,ECa,0,0.0,0.0,0.0,0.0,0.0,0.0,0.0,0.0,0.0,0.0,0.0,3,FN,False,,0.0,0.43,86.0
20230310_20000/ECE_465_EC_1513_EC_2016_EC_2066_142215136_data,1,850.0,988.0,ECb,0,0.0,0.0,0.0,0.0,0.0,0.0,0.0,0.0,0.0,0.0,0.0,3,FN,False,,0.0,0.83,503.0
20230310_15000/DISP_10448_EC_489_DISP_12985_EC_717_135234261_data,1,72.0,158.0,DISP,0,0.0,0.0,0.0,0.0,0.0,0.0,0.0,0.0,0.0,0.0,0.0,0,FN,False,,0.0,0.68,399.0
20230310_20000/T_9664_DISP_10026_140009164_data,1,590.0,971.0,DISP,0,0.0,0.0,0.0,0.0,0.0,0.0,0.0,0.0,0.0,0.0,0.0,1,FN,False,,0.0,0.55,985.0
20230310_25000/SR_1033_DISP_2411_DISP_517_14505262_data,1,472.0,632.0,DISP,0,0.0,0.0,0.0,0.0,0.0,0.0,0.0,0.0,0.0,0.0,0.0,1,FN,False,,0.0,0.61,723.0
20230310_15000/ECP_525_DISP_5459_E_2296_CE_2302_134210767_data,1,330.0,417.0,DISP,0,0.0,0.0,0.0,0.0,0.0,0.0,0.0,0.0,0.0,0.0,0.0,1,FN,False,,0.0,0.79,460.0
20230310_10000/DISP_11031_E_12469_SR_3702_130151971_data,1,203.0,350.0,DISP,0,0.0,0.0,0.0,0.0,0.0,0.0,0.0,0.0,0.0,0.0,0.0,0,FN,False,,0.0,0.45,122.0
20230310_65000/T_4536_EC_3315_SR_4608_203858380_data,1,362.0,552.0,ECb,0,0.0,0.0,0.0,0.0,0.0,0.0,0.0,0.0,0.0,0.0,0.0,1,FN,False,,0.0,0.76,620.0
20230310_60000/E_9232_CE_48_DISP_11308_DISP_8001_193817285_data,1,919.0,982.0,DISP,0,0.0,0.0,0.0,0.0,0.0,0.0,0.0,0.0,0.0,0.0,0.0,3,FN,False,,0.0,0.2,667.0
20230310_30000/ECP_9003_EC_2299_E_5046_ECE_1165_155212292_data,1,826.0,994.0,ECE,0,0.0,0.0,0.0,0.0,0.0,0.0,0.0,0.0,0.0,0.0,0.0,3,FN,False,,0.0,0.2,780.0
20230310_35000/ECP_12484_163201131_data,1,411.0,858.0,ECP,0,0.0,0.0,0.0,0.0,0.0,0.0,0.0,0.0,0.0,0.0,0.0,0,FN,False,,0.0,0.69,inf
20230310_45000/DISP_7002_SR_3578_ECP_7870_17362817_data,1,105.0,326.0,DISP,0,0.0,0.0,0.0,0.0,0.0,0.0,0.0,0.0,0.0,0.0,0.0,0,FN,False,,0.0,0.47,642.0
20230310_25000/DISP_12679_CE_1308_EC_3404_DISP_12584_15090190_data,1,704.0,790.0,DISP,0,0.0,0.0,0.0,0.0,0.0,0.0,0.0,0.0,0.0,0.0,0.0,3,FN,False,,0.0,0.25,555.0
20230310_70000/EC_1744_E_2798_SR_1901_EC_2810_213340654_data,1,732.0,787.0,ECb,0,0.0,0.0,0.0,0.0,0.0,0.0,0.0,0.0,0.0,0.0,0.0,3,FN,False,,0.0,0.35,16.0
20230310_55000/DISP_1531_SR_1473_T_50751_192541618_data,1,223.0,489.0,DISP,0,0.0,0.0,0.0,0.0,0.0,0.0,0.0,0.0,0.0,0.0,0.0,0,FN,False,,0.0,0.95,398.0
20230310_60000/DISP_12396_T_6925_195907554_data,1,93.0,336.0,DISP,0,0.0,0.0,0.0,0.0,0.0,0.0,0.0,0.0,0.0,0.0,0.0,0,FN,False,,0.0,0.8,inf
20230310_30000/EC_941_DISP_6806_SR_4633_EC_2462_153402318_data,1,441.0,519.0,DISP,0,0.0,0.0,0.0,0.0,0.0,0.0,0.0,0.0,0.0,0.0,0.0,1,FN,False,,0.0,0.23,239.0
20230310_30000/EC_941_DISP_6806_SR_4633_EC_2462_153402318_data,1,753.0,926.0,ECa,0,0.0,0.0,0.0,0.0,0.0,0.0,0.0,0.0,0.0,0.0,0.0,3,FN,False,,0.0,0.31,119.0
20230310_25000/ECE_2841_E_7016_EC_1233_SR_1481_150040829_data,1,449.0,669.0,ECa,0,0.0,0.0,0.0,0.0,0.0,0.0,0.0,0.0,0.0,0.0,0.0,2,FN,False,,0.0,0.5,140.0
20230310_60000/ECE_11033_ECE_9162_DISP_10857_CE_860_194353144_data,1,611.0,710.0,DISP,0,0.0,0.0,0.0,0.0,0.0,0.0,0.0,0.0,0.0,0.0,0.0,2,FN,False,,0.0,0.22,636.0
20230310_35000/EC_1645_EC_3285_162425934_data,1,660.0,808.0,ECa,0,0.0,0.0,0.0,0.0,0.0,0.0,0.0,0.0,0.0,0.0,0.0,1,FN,False,,0.0,0.3,908.0
20230310_5000/EC_636_SR_4608_CE_5177_121233239_data,1,35.0,117.0,ECb,0,0.0,0.0,0.0,0.0,0.0,0.0,0.0,0.0,0.0,0.0,0.0,0,FN,False,,0.0,0.85,519.0
20230310_35000/T_2187_EC_104_EC_203_EC_450_155724243_data,1,387.0,589.0,ECa,0,0.0,0.0,0.0,0.0,0.0,0.0,0.0,0.0,0.0,0.0,0.0,2,FN,False,,0.0,0.31,587.0
20230310_35000/E_7689_E_4431_E_2470_EC_1568_160550403_data,1,798.0,989.0,ECa,0,0.0,0.0,0.0,0.0,0.0,0.0,0.0,0.0,0.0,0.0,0.0,3,FN,False,,0.0,0.26,261.0
20230310_20000/ECE_9115_SR_4005_ECE_8228_ECP_10101_142013182_data,1,831.0,975.0,ECP,0,0.0,0.0,0.0,0.0,0.0,0.0,0.0,0.0,0.0,0.0,0.0,3,FN,False,,0.0,0.49,691.0
20230310_60000/SR_1261_EC_1000_CE_202_195158949_data,1,401.0,492.0,ECb,0,0.0,0.0,0.0,0.0,0.0,0.0,0.0,0.0,0.0,0.0,0.0,1,FN,False,,0.0,0.32,668.0
20230310_35000/ECE_3215_DISP_7799_DISP_6636_ECE_4785_162539510_data,1,312.0,417.0,DISP,0,0.0,0.0,0.0,0.0,0.0,0.0,0.0,0.0,0.0,0.0,0.0,1,FN,False,,0.0,0.54,36.0
20230310_60000/EC_3049_SR_210_SR_2398_T_9988_195445644_data,1,890.0,1000.0,T,0,0.0,0.0,0.0,0.0,0.0,0.0,0.0,0.0,0.0,0.0,0.0,3,FN,False,,0.0,0.36,555.0
20230310_75000/SR_2699_T_50292_221140274_data,1,477.0,999.0,T,0,0.0,0.0,0.0,0.0,0.0,0.0,0.0,0.0,0.0,0.0,0.0,1,FN,False,,0.0,0.79,607.0
20230310_35000/ECP_12286_SR_4365_T_50660_162203551_data,1,175.0,361.0,ECP,0,0.0,0.0,0.0,0.0,0.0,0.0,0.0,0.0,0.0,0.0,0.0,0,FN,False,,0.0,0.36,482.0
20230310_75000/DISP_8292_CE_2784_ECE_10625_CE_4546_215342290_data,1,77.0,172.0,DISP,0,0.0,0.0,0.0,0.0,0.0,0.0,0.0,0.0,0.0,0.0,0.0,0,FN,False,,0.0,0.23,698.0
20230310_70000/ECP_11960_DISP_2535_SR_19_T_50730_205449831_data,1,379.0,488.0,DISP,0,0.0,0.0,0.0,0.0,0.0,0.0,0.0,0.0,0.0,0.0,0.0,1,FN,False,,0.0,0.41,327.0
20230310_70000/E_1598_EC_1644_CE_5041_E_8831_205448732_data,1,301.0,406.0,ECa,0,0.0,0.0,0.0,0.0,0.0,0.0,0.0,0.0,0.0,0.0,0.0,1,FN,False,,0.0,0.22,485.0
20230310_80000/T_4661_DISP_12917_CE_546_EC_343_22442920_data,1,711.0,812.0,ECb,0,0.0,0.0,0.0,0.0,0.0,0.0,0.0,0.0,0.0,0.0,0.0,3,FN,False,,0.0,0.71,718.0
